100
100
61707 50574 1058 12967 89744 4755 25518 33628 3521 90306 72935 70703 18164 50749 15297 67254 53589 58576 41471 55091 74755 61897 60453 42968 93740 75372 55097 52668 66149 92027 75539 59525 9061 84992 79523 94100 44900 19267 54088 16745 28081 79475 93449 27876 88802 14667 72689 56694 82197 6486 54848 16694 74909 80803 90165 74011 29829 34403 88378 16134 52062 53602 73997 65262 56766 51006 64637 35666 56983 66164 28282 38989 45530 11782 66955 66777 36285 3540 84728 81414 26252 71685 65675 76525 30485 45429 62108 38972 62122 48830 75696 83996 27499 94447 31424 76966 33183 56108 77329 39163
100
13585 14268 91091 5886 8952 10537 46624 21071 22565 57377 64928 41849 83197 53778 22286 70823 62139 85138 58628 78627 32317 95848 19823 14688 63165 18286 87312 50858 78782 23505 76846 57856 19172 61676 14309 55608 68145 69154 59624 22568 4473 37285 43432 97709 99543 98254 62924 25303 48876 61605 46561 87336 37953 85083 30322 67580 95071 49438 51137 45698 81524 77088 20624 8364 34450 81137 59535 39869 37565 32117 3459 25029 28685 49500 34855 52339 73450 80926 85813 66807 45205 23933 52438 81506 17253 50583 22192 45812 87296 27096 91846 17721 91736 99446 83199 78797 86262 12664 12543 49618
100
26176 92751 41334 21327 81855 18054 41482 34931 8357 98153 43147 10341 29980 59636 40245 26544 64439 16386 63414 13202 72062 12825 43087 2331 99648 62900 25286 98450 97333 22025 32606 88795 87447 80744 3432 30887 35963 11019 98293 17133 13505 74762 48658 86562 75028 62267 80994 66440 44148 48483 51978 10750 41615 76170 56409 84802 37519 79580 46260 19291 93227 87447 45859 81400 37283 89959 93284 64769 42142 20600 54216 15523 38923 12124 75380 82372 36697 63839 63581 2534 33365 28196 83986 59892 55603 94413 23443 31955 48297 99403 61794 63006 74876 27132 89369 20783 47910 70350 46873 95797
100
46674 18619 54376 74959 77114 88082 36854 4491 92901 73854 82509 9930 95125 13144 52692 47439 95040 53216 21254 89042 98464 80381 44351 92137 10932 19666 31654 44433 45345 91982 81062 84298 36653 16161 42153 29194 95064 94702 93114 70615 86145 54911 99818 91445 28204 98353 40173 21689 8866 94403 21096 65091 31166 37313 2544 25762 50640 52946 9490 23726 84621 75354 94311 20904 2411 25998 6717 14189 66913 56129 73718 6669 31178 97017 61027 56850 62493 38044 47271 68075 11936 42991 62242 83230 6561 35183 69744 83652 23886 17094 8040 72106 52656 72993 6494 37495 65290 31412 22130 99844
100
91021 87525 47981 83141 15343 2094 81829 15340 74313 449 38755 65800 99957 47133 1192 59664 51635 44124 56779 28683 45673 73964 86069 83994 10899 56155 24529 22740 48415 87770 78486 70533 92245 67246 57577 46195 46035 20754 11390 73248 31803 49561 36613 85079 33038 50220 51484 95413 41472 77354 14050 91420 98200 7860 52519 27872 77192 28158 46573 44214 88942 76177 6334 86371 13613 33410 31813 78631 74128 71061 75484 14328 63382 91379 8409 73175 32355 56262 15161 63293 85284 99914 53717 27265 15459 52853 53065 76765 27487 68374 80818 88933 61821 37873 85587 95237 61402 65778 81853 48482
100
33988 52616 49474 33518 71768 89002 45519 61142 16104 70791 75325 83616 2154 25867 89657 9767 30656 43447 55421 36090 96079 90754 86365 39506 65784 77789 72866 80434 70907 22887 22418 18868 10884 38068 16163 39383 94307 35271 17391 68890 78167 86238 4983 70973 88428 263 90208 76263 70701 24015 41739 28215 25962 85875 32456 59365 4903 76451 76359 63478 56865 44282 16296 35157 36867 64046 96365 22940 53208 68563 79320 90659 98857 63829 22655 60339 5806 79926 27422 87022 13196 17901 3628 89725 95201 28519 85264 44907 78287 83866 58810 74590 5686 54810 56454 24852 73232 67357 75022 42921
100
30709 29754 31628 30120 21751 56299 60745 13308 68615 26463 4202 11559 92700 33780 24238 15991 92577 61780 83885 76229 2454 59224 55562 52240 90206 49582 22554 88065 47182 65197 88988 82374 48444 72948 44531 69576 70735 62694 35412 78138 23759 84707 12600 77026 60785 46057 15228 13154 13883 81689 30118 28384 59081 82306 15924 81325 64929 42370 24403 39707 98602 72278 21527 44654 5785 44065 88743 30831 16054 78108 71213 80607 33701 26923 91201 29830 88842 21566 4825 13345 95804 31534 60618 20103 31538 65374 18012 61412 28500 48753 24822 88047 43998 98335 23888 24966 38332 29812 78691 25693
100
62178 85078 34224 16396 61921 17292 10920 45332 60220 20308 38986 37094 89429 44155 46008 44873 98847 81361 86931 48783 66704 14352 25043 81315 85767 19283 21769 39618 34915 19752 18521 60424 63799 88104 22366 5632 95631 5712 27087 68809 12987 20375 35354 88030 51592 16516 9800 87177 16655 16204 16947 83240 86902 74632 41428 16988 50100 85531 78627 54150 97891 69615 14667 92657 69674 82863 32550 26464 12529 4701 25150 97877 21121 53834 31224 57236 3097 36124 6472 12545 14823 26632 52874 49174 47105 4105 97572 91411 56829 28159 18275 32376 45824 42299 22082 13428 47600 33619 80351 55332
100
64183 28591 44593 20474 91848 82717 95392 55233 6157 76406 99764 54995 81125 62085 13344 59632 84899 70640 84924 51457 5267 66636 46765 25758 38403 25821 14063 87819 79763 78874 58485 15517 50622 74546 40115 10365 481 86790 84686 51117 69803 84864 85220 71191 20458 24340 31983 10828 76800 33089 17193 33431 78426 59283 35471 18528 36023 86486 34632 43408 15889 17699 37816 81795 92886 5848 6869 49347 21189 27970 97659 61723 96633 26734 92193 43139 43392 57118 38197 37188 33278 38176 44837 80702 25387 9768 85787 77835 44729 23176 42857 19841 23189 33813 63969 50125 99609 32340 27756 63482
100
28339 51886 95869 10505 90575 37605 76564 65235 86669 52280 93441 91573 31232 1836 98701 29525 45618 31284 99315 70661 56909 75236 3787 75718 39718 12732 20761 44968 11605 62056 23460 31834 69112 62299 68928 89255 98348 37311 2051 74917 13543 90304 71269 37797 62863 44848 69977 71731 30476 64318 58050 10975 80460 80249 37642 50074 78265 74569 87521 74617 98719 4027 5761 40901 51277 4152 27695 76353 92654 36582 63063 85757 80774 81316 52468 64203 13273 70944 41330 22096 75191 93310 53629 16508 54724 27225 71711 14544 83425 57104 78532 31761 37769 85962 30473 55040 18638 95069 2290 86715
100
25067 98209 94866 53174 18670 63465 96860 79362 64533 99675 54644 16421 51846 81624 83936 61903 40900 20525 32828 27802 31223 8972 44379 72987 50436 22225 27833 91134 27773 27015 40155 9198 14357 12292 51203 6812 95218 21800 2973 48692 12070 84432 71215 87849 56802 62614 97170 6065 19632 46605 26155 15054 5035 11043 67245 16085 75105 35754 11709 6973 60877 15211 24848 84108 72693 70635 18508 84469 68056 65925 85654 9412 75227 83709 39659 33533 17150 10362 40581 15929 43990 74445 39805 22774 78708 79169 53557 13613 33240 16951 743 27307 64030 50681 57185 92078 39325 82477 7381 63337
100
87926 12033 93963 17758 89139 92318 12393 72675 41062 35251 91402 76703 63203 43254 57167 1125 54260 69495 55176 19002 57793 56465 33279 7856 30709 32078 50894 33044 55243 51459 15802 76627 33532 21618 8026 75219 16930 98260 36189 61658 24757 272 88182 82483 51831 52508 10693 86659 81943 44481 48308 34398 77450 7564 64359 15642 32124 89945 70343 46821 95810 50868 67728 32180 73324 90846 83521 506 59312 52015 53901 27817 93288 70509 40365 7483 58214 13365 34999 61404 26549 83636 61302 58691 71502 94193 95457 96044 89055 23329 72873 84714 96587 3912 37579 74657 39861 32995 17377 22678
100
68974 98983 21535 82240 75606 33976 74141 78216 64904 72271 68669 10371 99403 13907 59181 12682 23922 43295 48328 48799 74569 34740 42134 62107 3674 23378 56573 54471 65538 5088 12377 9150 18293 99741 40998 1407 51455 13282 87229 8419 39458 58014 45182 13450 90106 28355 4074 78109 30818 48820 11426 42327 70976 77326 33067 55422 42998 53328 67751 34459 72902 47338 93367 96074 44524 31820 87848 53014 1534 68630 8050 40792 22420 19605 44840 75464 37515 54785 92975 85869 46343 49945 45969 81902 3167 87969 78370 13132 95070 24344 64281 28421 87175 40371 63729 30129 82238 64914 14826 27535
100
19764 6683 30992 52519 23923 67124 60872 99281 49459 30559 98365 45326 48817 16141 11506 99947 52305 87344 35181 57598 66645 75095 89370 62121 11066 95317 8736 19855 99976 68497 42399 68906 60217 45320 11192 22660 67109 11493 77365 36629 71838 24435 15467 72427 97024 46317 20271 5040 30943 50755 13181 48119 78978 926 52277 47955 97606 91259 86641 53627 31887 81121 83641 69459 70923 22028 42298 29056 7131 67868 12397 56237 72945 72193 68347 2312 28070 48466 21394 12707 4448 84298 2755 17514 79716 40718 4038 131 1929 10690 90635 46376 68199 36786 80188 11970 6710 90893 24351 7257
100
98066 75655 59216 97266 69859 65211 33550 27134 75843 13654 38440 81180 23665 62721 35231 32000 7149 20118 13740 58761 24372 47044 64304 97109 71251 17672 97689 2102 41543 81 80369 5917 10529 34740 1707 53067 21271 95713 63629 87803 62093 81224 40940 29714 24770 377 18008 74613 60123 23779 8157 39294 48230 9607 99313 31878 35290 73832 71741 84464 36052 38377 54669 92525 16335 71998 68836 88742 10625 19098 46688 10502 86568 93261 81340 69804 99343 66892 80949 8645 66117 148 54730 9725 52689 91705 48980 73204 98000 73586 42544 87990 76194 47189 34378 25043 83955 94307 22870 71611
100
69131 85531 41593 74339 81837 69486 4112 90186 10566 88809 3319 20549 49167 25143 91780 18767 54253 44034 82996 3990 96687 49025 50585 37098 75902 8583 65193 1983 49096 2693 607 63584 74180 46054 59613 997 56490 4496 335 6159 95591 6699 16279 60447 9443 65827 42447 26001 10440 19652 83697 79893 87544 58363 74707 73881 54863 19006 53295 79642 50582 77479 95049 35911 86690 56632 6732 22083 21071 96676 90385 79095 81902 502 48401 13134 25326 3059 39543 35397 34706 94671 61262 6805 97328 38652 40775 67337 84626 38081 3483 32115 57458 87695 30903 26926 75358 88393 82152 27217
100
77214 81825 86388 31984 22224 64036 74400 22143 37792 994 38338 36946 92626 13553 50811 49352 52655 26012 56268 81203 53997 64411 15391 47931 76355 65601 30149 29561 82552 51683 86470 84907 20111 28688 55162 14777 5192 32631 88564 29991 76748 17650 62163 7357 32618 42850 55659 14378 20761 1368 18425 50799 72659 29334 67225 1999 74071 28448 58163 40090 17656 34439 98678 4243 26894 92037 39467 30476 56680 6268 92311 75514 71787 39719 40394 62459 3888 35096 96352 18793 53149 73846 68188 89689 37973 41136 51367 66355 89790 86762 95063 87590 68536 17915 17064 99683 604 56416 74722 8372
100
59516 24393 80124 59113 50070 67595 5219 57633 9610 4576 26485 65297 10386 43798 34071 63693 37785 46714 65080 23113 80793 26238 6113 67673 79904 67315 8496 69169 47809 14869 33245 94380 87101 79748 42583 2622 23274 74821 78540 31445 28775 21188 81781 46886 86782 60566 90707 86995 93179 76592 80115 83358 5131 62451 83335 53741 19096 93907 84846 25624 78275 11987 48131 11354 4375 90068 51958 68203 29530 38585 8959 84408 32156 95269 50864 33890 68856 66450 46409 14998 27531 35641 86360 8519 96054 19375 66972 6147 95027 2952 71870 21522 43001 47778 19600 84696 61639 67450 20172 60573
100
2580 84831 303 91223 13773 39700 65444 81915 67922 81009 58475 75725 24597 24394 34211 84197 10458 31251 5400 69530 78112 69780 67938 50757 7312 51706 26847 89248 36789 35838 11008 18004 75680 68347 97854 54074 79340 41833 59147 42983 47784 12206 86631 42615 78399 62337 44609 10962 3423 39663 95794 51832 42173 74272 61323 8638 69033 68657 76494 91546 28785 2742 64286 67386 24312 8439 63719 42412 45973 99392 34312 14727 44513 67809 33169 8603 71255 34999 56021 56889 92539 22487 62196 32426 11504 75857 64093 77592 500 70704 57842 59865 23134 86217 91330 35708 45526 31126 89219 69183
100
77768 5168 27877 99734 7714 49290 94290 69015 25306 16842 43318 79731 97196 85513 26075 71199 58034 23650 55784 17410 7989 71896 93299 63846 47510 13026 44086 32145 43455 97905 17032 46594 65404 94057 99344 98126 98123 64699 59810 29517 72562 30097 24402 35159 48645 56395 87842 65480 85184 89461 18392 32081 95384 64605 25795 41342 69187 12089 81898 1274 49296 33623 75337 56972 83270 64023 48641 63564 59220 97096 63624 18840 87195 49467 67032 79932 76287 8757 16110 85082 14328 19556 27219 97659 65463 20369 66667 50330 24284 93385 98149 68261 43967 6199 31562 6574 85479 40419 786 83509
100
42813 59057 93060 24997 37385 38998 82494 29168 74556 76661 53905 995 18710 16465 2431 23852 21284 52813 44142 41937 44022 46937 77572 9035 93286 93166 72827 88482 54450 10569 20923 85686 8279 13840 2511 49448 56721 33355 48097 8030 56982 37479 14186 68721 89374 95616 48165 96210 94403 17339 43636 42508 65206 78983 85346 31559 69522 3369 75349 69149 41339 46277 64526 89029 37772 47675 15064 90835 20887 99150 4867 74653 52320 31261 76119 65066 19029 64229 42752 9673 54938 17161 54777 74649 23346 60655 42218 69213 34919 63481 26496 78208 31408 99276 66526 18348 42540 31866 90772 65326
100
87501 43647 77500 85105 6416 42750 5349 20589 25790 47028 73779 93848 95232 53693 37127 69085 82631 59805 86145 40190 49515 38487 39582 84712 21195 63993 36061 1744 57394 73566 57600 35390 51237 81834 16481 94764 32736 3797 75084 84372 53080 46765 84954 21796 23332 48366 1750 30945 66474 61049 21392 89421 71609 23373 27364 93184 40813 88004 58523 46193 74741 65966 59165 19770 77336 99507 87062 8543 83370 85060 24088 67875 42995 79060 3657 84620 35115 53393 4251 4496 90698 43815 51225 63764 18370 92760 85649 51554 69458 69736 49601 10554 52814 49544 3241 22328 6356 7650 12502 49497
100
48995 81117 21495 21397 57625 34141 76116 67811 13156 20667 69873 47337 65202 48330 17191 94381 91836 89933 36065 42517 67957 51939 21877 88940 71737 51976 14736 83058 28797 1056 69705 10296 28859 12217 99870 67256 37010 89915 18538 30032 88988 26381 15270 35668 22602 57965 57104 94160 8916 42857 63469 69682 37248 93478 10084 63538 5960 74157 85267 5652 27708 25290 19269 52026 45987 39768 79381 99616 80329 8266 62762 23007 67980 19807 37439 11915 37368 47565 91645 93255 2987 78999 23164 74464 28677 12834 9560 57450 82373 31155 20416 66247 1756 85440 19360 84144 29253 91965 83478 24304
100
94808 37495 90704 48652 33416 2947 71504 67468 33407 29759 26388 20790 4105 80101 58331 25235 22778 64444 53463 7447 3956 73627 26884 72586 83673 66976 90830 6124 96774 55118 39306 43232 76600 81450 39112 89681 76123 63632 85008 88388 94123 88151 48097 8577 85122 87340 63227 77775 35594 86319 94134 51711 28024 30209 58491 59485 90427 44055 43981 27488 83612 58468 34840 93063 43805 37153 38215 53913 1121 30533 29325 98788 1068 21765 21877 62146 6854 81538 90103 70706 6026 28024 73854 40223 10244 90515 47970 97616 47188 42982 50312 28068 98296 27343 77144 49195 89902 21151 56 47032
100
14497 79109 63289 88010 97507 61149 23853 7272 47354 64557 40995 31018 39060 18949 67061 51639 99053 75866 10092 28665 91942 77715 95067 27900 51387 45156 28846 34808 40723 82407 20442 47007 51289 85025 85251 49397 81759 52719 13302 84724 21440 135 78781 38687 87313 44372 22189 18703 59509 7172 51977 1664 51574 78089 30205 12484 69266 14946 415 46574 63775 20206 54233 30761 17895 73057 67148 24901 46845 34001 25752 17144 95834 50272 59878 88981 38266 18967 77432 93882 97940 15358 52946 50537 92708 92678 3615 42457 33953 36378 91209 98311 7139 48721 93324 23041 26549 82220 87507 80726
100
82820 57176 47037 81515 72222 65250 14947 53368 37795 52286 92033 56428 36528 76653 59239 73466 95118 726 13729 32734 38853 59232 93352 73850 2926 72716 63808 50709 77032 31605 96510 87557 98406 37424 79604 64791 29844 56675 85513 23780 35981 1476 23419 30630 16284 29903 52370 28035 37323 20794 84965 29195 43072 66254 49262 82261 70307 88944 16323 52928 97930 12909 81726 62011 27458 97872 93326 7853 58593 26487 63055 24442 73095 41368 41706 73607 17116 87991 75828 78380 6588 99198 59849 91201 930 46842 87962 12654 2401 61885 3222 4487 92125 76012 58792 72663 25773 67681 65388 99973
100
48697 48329 90621 88586 57328 15948 91569 2881 84648 67508 40710 9120 95745 98463 46176 79244 92933 74520 63688 55485 37061 16918 6460 64330 94791 48036 69302 84607 88352 8175 99675 48689 57003 21638 17 27676 24526 50264 7645 35066 94004 28057 81649 7280 35355 6771 42315 74498 1403 9157 60077 83557 34047 5745 82470 47836 7104 74478 96100 57235 97920 70062 83346 85666 57528 65342 37771 2533 76338 92083 68508 55368 134 55466 30385 76852 71597 2661 30086 9371 63726 44985 33075 13393 78294 3205 64555 55560 2494 63026 97692 24122 9254 39871 81512 14006 13807 67756 68152 42740
100
84517 34050 35219 20970 70265 18994 1804 9480 71013 39504 17348 12641 87294 56251 70640 20701 60166 87681 29143 51166 3465 30270 22059 61466 63756 90122 74873 19257 78593 19784 78375 98169 36607 76769 28388 85872 96975 56723 44415 52411 91990 69244 79878 33857 35187 77277 49562 31254 71135 65634 84886 95111 46030 97771 5128 95559 74252 73769 53177 78496 54996 89570 35705 7373 22495 32539 89694 69970 62176 96906 49843 40247 48395 33490 31056 32510 15362 84894 24611 34820 13234 13351 19182 12159 22259 11583 55611 90040 12564 32112 47556 58465 58083 799 44463 45761 39441 71026 64725 97635
100
87777 26027 83312 8385 44955 69727 40190 75450 44400 21442 18282 44792 28183 80101 83247 49564 17900 95518 27371 97276 56593 55136 16960 86179 97457 29101 13486 36041 57368 20910 33902 66689 47447 65995 88718 30739 11552 90525 25621 23504 27695 1150 35334 88830 47865 86117 13818 33105 97849 44416 57947 73965 66644 49015 44288 47426 19794 56577 72208 37249 63680 10042 83234 58640 55147 36064 59253 30174 13868 32295 76414 21560 90723 93469 72475 40738 34969 36508 56135 28809 60178 11460 38202 70451 56161 58475 86756 35285 84821 12824 31803 16270 50241 97328 52365 7984 5387 7028 99579 5236
100
3132 85348 71153 72729 6048 49094 20977 5553 7550 12428 42265 96956 3225 54838 98727 63588 30292 26959 86902 36783 24221 15994 42237 24608 8576 54548 20534 28666 6057 33893 24060 90033 83762 90151 53583 24079 58599 9458 69176 85363 59526 84326 79276 34496 95140 48405 43595 66211 53210 46206 19438 43084 8652 69887 24347 4177 44565 27867 94625 42083 30394 20089 53803 7057 88194 34130 82696 50112 88205 94179 33352 23754 12364 27 23125 71324 99054 83017 37619 86748 56790 45713 1134 91429 51046 98440 9165 36794 12950 6645 8793 81916 55731 81793 64710 11941 82083 41124 82172 71811
100
22287 9043 48575 52874 30785 11179 85666 65066 74463 97433 34374 51327 75666 53454 94056 78905 14388 64998 6235 57795 14218 89021 56592 9872 40419 25531 97002 97733 79080 94942 7763 28059 18696 8333 1130 82189 70053 24067 49448 53224 7121 62180 45951 249 19787 35178 12655 99311 24684 30546 84308 84345 1285 3468 64988 91433 36513 1810 76965 12044 48994 94968 37082 17071 55122 37023 67931 50861 17249 7676 73755 69939 28819 85036 43801 52076 96671 15676 23957 66479 77588 78692 97713 25828 70816 57256 32499 26570 98422 72949 33612 79580 46588 13877 16873 46904 19856 57595 53597 54883
100
19962 38177 80853 86075 60776 60233 21032 95999 19082 37503 17616 38759 77269 46328 34767 61430 60103 80533 31356 36742 69601 39772 93061 63224 17786 31441 78285 82562 78457 57995 70940 35209 23691 48257 76031 81137 100000 73087 70022 17844 96628 21359 7723 14561 73023 58847 86333 44997 65756 66555 82642 374 53874 22698 74104 570 89815 70599 60352 32054 17777 68798 96815 75896 71206 37722 62843 51919 34613 29380 58558 71140 62598 56409 17399 2049 53944 32034 85175 62694 91389 37118 39499 34825 1156 94602 47752 57567 90968 96756 21740 56174 78148 1374 13281 83541 47271 46489 22881 93078
100
65167 23998 58729 15483 59927 13681 86412 65083 53801 71078 8184 56726 61659 39945 12592 86172 40712 87529 6293 25911 8853 45355 20309 98447 36631 66418 28858 27944 72158 68708 41306 38254 80069 4685 73560 24101 73714 25711 50429 4964 59143 53632 16458 74666 52038 87483 59236 27269 70102 55561 15967 37390 37233 12226 55109 6830 53205 45355 42379 11348 72071 46052 13962 30964 62462 69463 11512 77561 8410 80670 12903 95820 74564 64965 70317 91112 5479 55809 31755 28668 77711 43656 13603 12745 46409 45943 41442 72988 85091 34628 57355 46695 47891 23675 91020 71344 19842 15311 11324 77834
100
87159 4816 6831 12311 99017 81952 5731 94280 2768 52097 25192 36213 43567 576 88394 18540 64846 19019 35495 62792 42129 99902 51031 68758 64137 79739 15926 40672 44543 8015 73391 31448 51940 46407 83630 86898 58247 39146 63086 30974 47522 73388 65113 8037 54371 56766 48884 44307 1876 78938 18721 49070 55285 59010 35758 62505 96560 32753 83414 21859 3465 63016 70163 92607 72739 27347 82432 51162 62464 39271 69255 78008 28989 5389 6919 92033 13953 17778 96499 80535 12317 70426 20086 34750 79014 69265 47242 38095 26026 7075 48386 76947 23613 40194 50032 798 11355 68415 89900 2807
100
71412 91866 37669 12928 81334 10873 87788 13053 95433 53357 90930 19269 24416 27811 78258 16299 32350 35974 69009 15795 50532 92932 39710 98259 29790 61363 38347 78499 11113 58954 5467 49843 88803 44342 62200 74770 37665 17303 36316 36195 14082 72977 96509 73323 92913 29374 95191 27282 91711 42972 77871 37830 63262 79832 23503 41186 63429 31219 88299 69385 35535 21606 14490 50105 32552 12125 31046 99401 40815 6928 25701 72521 30486 37468 56369 76199 37926 73593 48849 15254 81090 4638 15587 36132 84005 11968 84300 96070 97277 87502 2190 22423 85201 73434 56625 26113 374 43750 10281 64858
100
87087 58813 44122 32328 23431 22556 98926 10672 29471 41699 58869 53528 66780 23691 97190 81183 93340 88212 45390 95622 81145 35561 99827 41535 84173 59779 83841 74330 67592 58646 92272 89617 89707 81065 54956 86610 38495 68564 61937 17348 66708 76183 58814 91098 6456 94821 68561 90134 75237 18078 91005 6104 21568 59762 46813 69033 88248 11979 29646 39190 98542 1250 70771 25589 38774 10358 5346 65155 96846 23633 76575 86667 8373 84865 33227 11407 43796 21691 12628 16980 44040 28998 80109 63533 21339 88106 49017 67219 76211 32757 19455 66434 95133 61038 43461 30157 55875 46456 96798 24080
100
82549 57285 79974 87584 77206 38256 68621 87424 96577 58034 12411 92585 39280 82714 23028 34207 8801 73038 51056 86357 32623 80801 69044 35187 6822 36967 63055 82473 10150 64802 18521 41476 37987 91407 47205 46530 82578 20072 66498 25823 36758 70233 32928 13012 59171 37208 34399 31656 99594 20731 2243 74086 88952 77862 94583 13679 6789 66481 61405 72009 96304 9468 61415 87219 89137 44210 92035 51563 65075 64436 44836 31157 70970 12390 82211 8593 24121 37903 74722 42870 62852 64565 61491 70520 62515 61720 93452 97403 86149 33983 17457 70776 27254 96626 28069 78161 3047 74507 91953 70461
100
52879 67823 42370 77067 45679 54646 63746 77656 8782 83241 55417 27725 74745 10659 79342 7520 71290 95425 45307 2444 44694 10214 95815 19338 62546 74452 65573 77176 21391 19738 83656 53803 42630 64658 95318 42023 68253 84052 74489 62875 29432 44393 66672 37109 90453 99797 93156 80646 49454 62239 3433 36279 88915 27004 3282 98109 78886 32705 38338 14458 88618 14559 77075 6048 27479 21514 25763 5094 52432 90232 54262 26630 38014 71034 44880 14685 77413 93609 11757 19070 64936 2715 39576 42455 24977 18812 74075 35440 66879 50783 44232 18712 84900 86428 13038 80670 62031 83839 350 1549
100
48630 56689 31001 29296 86656 77922 52396 12323 9911 73925 5736 24475 86569 10086 68961 49684 89447 86239 40303 17429 82278 2476 95885 30609 40965 29686 34943 61705 78360 62626 82780 70985 29795 71158 84846 88090 8229 44604 84468 87928 14394 66663 57461 27339 89522 72572 58548 60162 13884 70780 46913 2860 77086 72625 17138 79644 78054 63186 41315 5206 95531 99181 47913 14788 53505 94570 47008 16731 54589 68145 39118 53521 42554 12388 10784 20108 68295 7085 62386 51377 8293 11991 42403 72363 26633 61760 65177 70125 29674 95112 95905 46881 29987 7486 96427 19956 81708 34878 24526 16679
100
69936 70840 28296 36859 28076 17052 99106 7892 79760 11113 62113 73354 68887 93335 34666 2030 57430 45866 65617 59913 1170 38478 58713 10504 38001 12801 12929 52757 34741 51994 84731 53797 64128 798 7529 16857 28183 77832 51206 52045 83438 33736 10431 91015 42495 31147 29105 69357 47349 46348 47318 27581 39103 31693 3577 218 56793 97963 85956 89529 57365 54284 69224 14646 58822 11629 23993 38387 62671 22968 51483 14391 77440 14125 83614 31523 1933 9033 42041 75182 14123 42032 26401 49477 54671 25845 9430 47619 67877 70662 95750 73127 39249 94555 23344 61522 85957 97305 81459 13155
100
4128 94524 80171 61102 88746 83830 52078 5697 62576 23907 23611 18700 48729 34773 79450 30875 45521 85539 42112 61539 93625 68633 28428 5991 14724 66790 42508 15964 32853 56033 82385 96061 8573 62110 53268 10838 16380 77747 74924 2760 92945 46761 61223 43375 33978 9371 22103 61677 7565 79880 43698 66392 33904 10216 87794 99118 98369 35297 13184 34995 74907 88152 56643 53395 48915 43665 87950 75035 70204 88149 57811 98637 37618 5934 33103 33684 6732 40625 6565 17312 29981 96002 48092 69886 45252 58775 39885 77506 98221 46416 96525 10671 39377 49498 76012 93316 52832 23820 4698 20680
100
47535 98621 26953 42268 84727 7313 40562 56592 94287 70180 62887 58285 90518 46748 62046 36521 1215 46380 77788 85063 82513 41537 28185 87337 73843 50508 79808 31527 52566 64958 16672 18293 98129 55390 82986 10834 39780 79385 18002 91831 94556 85482 40140 37295 8162 59406 55858 73269 32336 83293 80681 51352 32090 97042 94220 32816 71226 34140 92445 79677 73993 65487 35885 26388 50255 58814 24 43306 46369 21026 3042 21493 88825 91076 63318 8230 36782 64936 36218 5276 76430 52809 39257 66350 83375 98365 88400 43537 58088 34189 1001 52299 34421 56744 20133 35354 32915 38577 24396 99077
100
83203 4134 30004 5695 56502 92415 93482 13440 31223 4497 21065 23962 90984 88939 73782 30089 80164 9803 48414 77407 13885 60989 51341 87878 14596 21434 29888 72105 2814 195 25056 40754 46053 17671 36608 96522 99782 7942 15705 73463 30577 18246 63110 76508 46133 64567 54158 68606 82913 8744 72914 2716 14415 83519 21172 71048 76144 22558 24784 74148 85692 19932 33951 65954 23119 23537 67514 61938 87003 41702 63582 82358 97496 49229 23787 24058 41422 62308 45233 54832 8960 76636 70609 58128 47695 3747 80078 56637 89118 53796 22301 76334 48385 92043 19175 47696 40966 17166 58768 33754
100
85282 64798 41343 51635 68893 36567 39550 90359 30475 4974 81845 23245 64600 68347 81300 99571 12744 15465 84952 31583 23841 15449 19404 28384 51832 39092 92260 1293 78845 31818 7019 84986 27628 41186 45403 32365 86266 50427 54666 84281 21837 76269 77181 57191 97227 88848 45786 80190 64316 33486 10068 62437 31468 8917 19385 90593 46818 63461 88102 84901 9618 19826 51983 60009 91099 93204 79668 94486 86747 75339 9670 28513 95904 94555 83296 97417 93175 94758 13053 20738 45855 46001 47945 98872 22595 9398 70693 20077 17033 60211 13194 36850 57316 2482 27442 80363 55041 37248 97953 99273
100
74226 39953 75472 8580 13283 23725 92157 28532 12418 96142 47815 70748 3663 68147 92824 75719 57526 65230 96444 57575 19777 69305 55534 59691 62101 73203 93664 22784 36058 12953 68773 3409 35390 11216 53738 31173 80140 20369 57942 96484 55550 72169 71640 32010 24764 71091 30147 31620 72732 11673 61637 9892 39937 2934 81970 41045 34448 4469 12309 14418 52434 93092 64330 37507 18979 44640 42817 77744 99465 9683 47699 7550 93479 98968 49116 15666 58836 49195 83054 92315 25215 94657 26402 15108 45554 57562 90579 17857 36916 53846 4536 76513 74574 72281 40198 92967 98335 74686 53376 89943
100
28951 77987 69305 7338 95121 18832 86267 16947 8200 48051 2132 15911 67342 23398 82034 45633 240 43946 41408 37267 58682 4474 18193 37575 43691 34009 46769 53592 12700 46744 3558 94032 47402 87649 64941 58528 33234 30916 43293 22199 18180 92955 47438 4285 25443 78487 84987 76235 47559 58910 94518 40471 99675 5190 93386 40266 27903 54857 83980 24390 52926 82797 57779 50277 69986 90655 76978 69842 832 20522 13745 77406 14498 54135 49458 74151 13421 25742 7354 19492 82630 77073 48517 7503 72488 24339 96740 30479 79424 20248 42403 21914 89850 9495 22268 87082 32222 28863 32916 74462
100
10446 96749 64419 95311 34940 90412 66376 95356 58535 41344 67365 56923 86397 62448 10781 12235 52863 16238 75585 37695 3550 85393 21612 14004 12746 99922 67512 88615 37851 53366 87305 62627 59397 20121 44978 76196 21731 18652 50522 23901 48404 85826 19284 35576 55541 6686 18297 20846 43119 56619 94781 98878 83976 74892 15467 30630 6876 39205 61912 35234 29577 36122 15995 46201 96505 74316 75288 19773 78162 73397 38963 69498 135 92526 51151 53311 9914 62598 97767 48341 21375 77172 57966 29661 57760 55616 13925 85901 18379 18950 29941 1792 70228 17348 98116 7005 21175 70378 93578 41373
100
52752 84914 35797 40983 90749 87213 85207 71046 64730 54661 25442 8607 98385 39079 98507 32841 55991 58623 78195 84838 13904 42268 19290 73999 18665 78414 86890 53353 88758 52752 96404 28198 37511 83136 94500 36707 19381 17778 84817 84123 16759 54614 31188 18795 65766 27687 58128 15658 89143 81074 42814 37897 61516 78064 22406 29756 11698 81373 2044 4293 94214 81586 46247 20382 8726 12749 35055 17260 52015 27883 62609 78005 81363 60690 55819 9051 13214 46355 57206 46044 99472 68054 39270 96804 64113 97219 81310 34405 36896 5268 15491 52667 48796 59644 21426 14955 73989 91285 7957 87195
100
18046 39552 53895 56306 24290 72258 99896 93619 82544 51454 95985 37351 37970 18666 75922 68713 30283 90836 69062 55643 5038 67157 99760 49633 73086 86423 63501 18068 98760 36043 84171 32841 82502 3909 76324 81584 63405 8616 28150 80669 77726 54537 73187 49449 51945 88452 76620 73399 72136 43641 17759 48150 23102 88255 1804 61319 61532 32712 76138 5735 37000 25836 47496 9507 15752 20113 82539 39747 2346 53138 62944 40830 36960 2162 1905 6463 51449 68872 18343 77548 6711 95378 29782 86288 59962 49043 72595 24221 25432 34812 50529 64691 25042 78088 76481 65666 96782 95903 90220 4584
100
33064 68758 14779 38663 39954 7213 47305 94204 47447 14337 9331 2856 32581 53302 52465 32797 27255 96427 80458 83200 20717 8813 18184 79809 69025 99635 90380 14716 38397 15745 21670 50160 9365 45653 96764 36173 23358 63159 93556 30858 14681 38996 61544 83890 33139 63603 21080 31875 8311 94674 51072 15129 20516 65165 13484 498 79613 42764 18242 6152 38256 70272 39201 34484 70331 149 62712 96668 33954 24865 23652 54326 63984 9940 20146 45073 10901 96482 68494 352 10241 14394 95600 34923 8806 62031 71165 46241 70891 86072 53539 53576 51851 19035 24930 33292 12375 91155 96540 92890
100
38764 65140 31491 3662 8870 43002 60047 96120 83089 37891 88581 47005 39471 90788 73252 2504 20498 51878 91547 34850 38538 1132 73449 4061 5608 43383 91777 36736 17404 41712 96534 98928 24624 18081 61779 32943 89690 76505 46339 19548 45464 24877 20841 92929 23389 44658 67276 21004 79730 96930 48795 29973 84066 5731 42237 6902 22028 72094 10429 78352 63505 88527 73788 5677 68485 22331 90540 11000 57874 14275 87239 13160 44022 99038 22022 74797 17462 14004 53945 48199 57653 38431 8786 12195 68701 12700 77671 79238 67692 54374 68451 90939 17813 55467 71188 75945 47188 67790 67040 19617
100
34177 40614 93557 9218 30334 56531 86894 56038 36078 92021 87015 54306 8990 25947 56799 16150 33816 31488 51169 58013 6960 10210 79955 80208 36796 89055 4734 51376 25425 6463 49748 99124 21074 22184 90069 74144 42377 37560 36746 54238 90267 49432 3806 40338 96359 5255 26427 10967 43647 37574 73034 41956 46759 66196 53125 86648 9114 86376 74170 52482 60387 37063 67641 77810 60697 11992 1025 70014 53546 92473 13324 38209 97265 23375 38269 18538 13342 32283 59223 32888 5269 1951 24342 82447 51835 41128 5901 66472 89034 65326 81023 99196 19545 27618 35224 74536 16205 11415 51086 16
100
19940 98838 91947 36570 63363 93361 10943 60945 12841 53621 78712 61364 88157 71096 62327 43647 10493 30770 45494 15757 40443 74880 35147 61651 57414 40009 49510 61548 4076 25426 11381 97358 10376 62394 93884 54499 11711 846 14122 24016 85287 77907 86051 55947 38586 77508 1237 12346 26646 83621 57904 71561 97229 41703 95951 98398 19333 29849 45562 51562 47559 54693 20140 21466 89256 68496 16242 9567 64114 66211 95167 5155 74367 25164 15870 46163 50521 70995 61589 18607 59082 79527 52586 10879 72142 70090 75105 14033 81102 57833 47599 25481 2260 19500 4263 21624 80008 90041 38747 77829
100
61454 41203 32799 7567 51418 62407 85946 1541 85437 33313 7531 75353 69216 72111 1275 80530 42739 97439 14105 31364 14133 91693 15689 13379 67055 29209 41503 36676 18679 25668 12395 81138 3698 28294 36813 92265 43983 67581 78301 86378 21622 97782 63959 71666 2130 69549 81588 21419 27517 63949 5284 98203 56689 6043 79507 37309 37634 24575 76890 55493 82093 51354 25793 53436 80625 90126 3842 70579 85509 21424 10305 43979 88641 21668 11416 90248 34343 80869 36059 11127 29557 60693 17141 69510 89575 10047 78681 93676 26842 14737 47797 52224 84586 52265 69154 39517 96405 6148 91629 61685
100
7221 94896 94266 96650 47917 989 42899 88983 9433 41713 99007 93181 12226 47516 91373 50604 20852 15422 82606 79770 24497 85762 73340 96868 91244 57964 80626 4019 59505 22962 7729 68837 80856 94832 67309 37767 49410 46615 39561 37839 5345 13242 19888 67533 26992 62527 14485 99152 67893 76684 77687 97590 57537 90838 3812 19426 4195 3680 39237 14632 21832 80064 28421 67234 79852 53427 22423 90455 62137 39308 77009 37584 39112 56768 9425 42327 7041 51712 16362 90837 62606 8507 70952 66150 5349 44934 68408 12737 61783 1625 89468 32130 94362 56936 40495 16674 91548 28503 48473 436
100
7393 36168 16683 96015 72393 9346 47651 8603 18418 36275 41276 99958 52257 63248 30784 1144 1157 3528 84664 65836 76007 99033 18070 29211 12194 5189 17893 1923 23984 31569 38162 626 62930 59759 68376 19775 62654 20735 12359 78885 95999 94847 69297 92996 13717 42067 81500 16269 97910 53287 34784 9192 16169 41796 96438 94667 72032 73350 13665 8827 18978 60232 73091 21145 13868 34840 87699 90494 81733 14358 42073 909 24057 70178 41805 17659 76231 28545 87394 47753 92561 86543 83229 59072 95773 77230 6932 40669 93324 75779 15926 45136 69886 56143 91902 45283 38312 65784 69311 81982
100
70750 19821 11127 84171 79989 41293 53655 27312 73274 77358 97159 38589 99305 6958 59823 45111 6612 35447 81519 39239 99574 13753 59536 93445 64205 61900 43734 5427 78915 48330 32058 11592 6894 52876 13935 46870 15318 17838 19274 11882 80888 24081 96014 99652 19897 67491 45235 95778 81287 39556 9660 20437 80668 71017 47096 32327 95580 81072 57236 46189 7304 11666 85434 5804 45668 15326 12551 60454 64458 23844 98449 22504 52595 63116 53094 46230 62665 61832 40594 64865 80392 20901 74646 38658 2504 99438 75490 99755 30217 74307 13904 28462 13096 53255 12639 44393 75638 63825 73302 6871
100
27176 64335 71017 72357 81266 96465 21337 88543 49983 14672 7093 7764 60120 7336 91994 5794 58370 67003 35697 62241 11845 78342 35596 90697 2664 10761 65966 95220 12682 16804 97308 46866 51522 69839 89258 9937 11162 94756 96573 96882 84788 45552 73686 10574 8190 1528 60805 58824 98888 78534 60786 99153 23923 33496 96941 52374 97255 5255 55091 99218 92715 16754 85751 14064 76300 56118 27621 139 67741 42245 4389 15512 88101 30598 818 24576 1780 33009 71309 36329 45911 14736 45360 51401 13815 88654 82291 77261 90807 73661 68244 87987 99170 72037 99895 52547 83456 16652 66818 33462
100
67780 5316 12560 27888 44405 15748 47153 95732 34714 68334 75890 26585 70431 5110 7737 50399 49246 74752 21409 99889 18304 80280 84467 12195 94484 69685 28465 14107 28727 96709 19610 2253 59212 68165 76226 6304 87592 65717 66311 92476 51546 47782 91771 99212 96464 41489 66119 99469 39334 44594 99031 54481 90627 57468 44691 1306 33266 27655 5513 30739 6065 97564 51503 9180 88494 1341 68623 23965 89076 29307 51749 4222 24359 39595 25977 66391 29050 78389 30901 32661 80480 77584 77189 80479 5440 44693 92048 98148 34278 20291 59618 69911 82949 19328 76279 56659 85815 88777 6647 72123
100
44823 29867 51648 51371 8502 37350 73096 71035 23474 9086 85229 7873 36774 51105 11830 18570 73339 49285 50270 45242 97062 59036 38567 58162 38467 82272 55053 13768 84717 41352 18748 16720 39956 73170 45145 76725 88289 60568 6695 19888 37876 47404 88169 69222 27068 92360 88904 84211 59265 8223 43644 77324 39017 84138 45301 74050 26227 392 20241 56574 7510 65063 14711 46777 42302 38884 2413 59161 38787 3034 69741 30033 7915 84112 81129 94315 70570 39934 1100 33802 80378 69303 89979 13453 74001 52827 66466 59326 83644 31274 77164 1588 59312 10154 27031 92489 3452 19579 6257 5687
100
58378 76537 86869 36920 60641 41936 84170 24733 51715 49286 72373 5719 81456 25430 78210 92533 70716 71310 43392 30728 59218 87954 42473 33785 64050 18857 73175 20957 85920 50403 11925 99899 39337 94170 77428 99239 9773 79573 31948 54688 73097 16949 8095 95181 4523 72984 35649 24794 43021 53303 85144 73173 12415 852 80771 88657 17705 64433 60602 73391 30291 46493 7744 69896 26011 63580 85703 99200 65107 82192 8563 7337 8635 97492 15315 17116 3131 18764 47580 57438 31562 9201 67990 51920 62259 12250 59640 27005 27108 84079 83156 22267 16684 24708 65657 14838 7353 81932 92455 76957
100
54005 2251 30559 90846 99294 61301 82576 52453 19126 51628 23401 39736 97184 11584 72510 67141 95898 99169 35216 42652 80290 5344 23809 90804 71092 40639 73559 43992 24688 85713 95207 21867 64366 59141 5039 44496 23215 9309 83809 42653 14684 12710 63908 37874 79197 67286 98233 48600 31822 88080 18692 89422 32106 30434 9443 49429 60782 35748 74359 86704 83783 91762 93749 94495 5363 59676 12041 36754 78833 16010 13903 36888 67219 54458 29686 6194 27885 25731 16994 43681 77239 49390 37701 55800 27318 43376 35858 58286 31572 64812 22964 38104 49523 97313 94876 22642 70746 10993 65023 17055
100
97760 59882 12096 24209 18366 30210 46985 50593 70305 66307 3642 49802 1222 33151 38187 64776 41414 15546 69486 54163 45649 37771 22349 81372 83942 15245 49247 39915 83022 77812 44983 14210 45564 93459 1142 27103 4935 15728 77734 95401 34695 23796 28259 85463 8705 76983 46095 16302 3778 10719 95798 3314 6247 96561 32174 91606 55324 88426 12412 31275 80924 13882 6683 51918 62437 13767 74344 67190 31214 1685 20087 19012 68207 8967 50294 42860 50169 18032 61155 76655 90675 91841 16495 6564 21566 81924 53820 41270 21620 99815 72815 13048 76451 89685 46948 27847 69024 67822 8178 81398
100
50660 47627 67771 8467 21980 75607 48268 92515 94985 71422 50774 69641 97650 22406 59166 56009 61138 12369 83385 21688 11760 26994 2200 17954 33750 24939 41422 96540 14759 1000 64851 2168 59417 58730 23095 97564 85839 60622 9685 64153 75509 15658 98438 37274 13228 45775 58288 54375 26982 19175 37673 70454 26559 93917 71946 57714 72993 56029 77723 48800 46641 47885 37921 76899 22923 15145 99364 77817 60660 91950 7653 63416 16498 50625 86752 89589 61947 39725 66224 4561 91990 87387 95419 60719 66237 71536 43269 80194 25427 21074 19270 72274 72129 90122 85808 55555 39858 73759 77661 9096
100
8656 21288 67795 63475 36319 64963 85498 88212 22537 84030 48519 22433 97758 93002 64468 57403 9990 964 58068 15422 99940 80406 38012 5958 47491 14258 51713 63354 66056 53923 5732 19233 73068 7314 80196 71558 68729 49960 91397 8986 98312 10603 37735 27258 46623 16649 24407 31360 71757 1526 22841 5869 41115 78938 40215 83545 33962 82656 68184 88143 70427 93301 58406 59138 1131 62377 55240 93489 53311 2183 12383 7170 16204 99014 87382 44187 21094 47695 35253 7091 8546 63532 11787 18015 84182 88322 32470 28227 93804 85482 80388 78809 79660 86552 35819 73359 68414 94217 31344 93262
100
76220 55315 40273 65848 27332 16690 22478 77689 47404 49546 14011 77891 15999 76702 90970 61894 65136 12248 78846 11089 95077 65624 9520 14339 41020 74765 93812 21222 77619 66519 51389 95218 90036 86177 43155 45566 52720 25518 75126 33513 3392 99279 64929 51663 48755 11992 30278 65701 88700 10698 19783 81867 75925 52860 64507 75903 62002 87972 22211 81706 15334 93193 8089 90801 41147 10260 77648 96354 46117 99231 55104 87122 55220 87049 40077 65235 70350 76972 34911 62468 3472 97541 87053 63370 98647 89879 22169 94891 3454 61160 63010 34293 61333 73098 23419 99843 41136 5233 34863 3209
100
59904 63369 36629 87719 53462 88956 66921 58929 29666 1524 39357 28864 62558 38424 98571 87090 43479 89461 44278 67178 4052 92060 64834 17760 40463 71914 65988 76159 49086 23935 11562 4040 54677 23858 91583 45863 60522 76303 89292 33706 10419 91079 12320 39646 25332 44329 50133 69802 61170 27625 65527 35427 50543 20142 94922 88541 59383 2415 36669 25764 29264 60221 52410 84914 37345 12977 76116 26561 72539 14986 80024 57589 2177 94530 13682 18662 49031 69936 42310 43371 35100 87558 59006 15786 18851 88414 78518 89656 40101 62709 71599 10536 89832 69144 73268 28375 13004 80335 62464 88530
100
72182 2585 43165 73295 70499 99367 99433 31400 14389 19252 5168 87201 35121 27945 93229 49790 62724 847 7051 26179 66208 12348 73012 67310 40715 47193 33975 3118 99235 45262 34128 23393 93055 48672 17790 47457 2344 33857 16247 226 78074 50251 4934 69021 93158 52197 23567 73967 39942 3312 34456 69129 892 75510 79418 32042 21584 37789 11202 22146 14554 65836 87560 13108 72165 61861 39069 67410 56920 20378 77276 86353 18065 93832 22964 64585 98000 24244 82373 8507 94210 51029 4889 34586 47856 77223 42379 38301 54406 49315 79152 42478 39049 40848 65447 18594 3085 47871 39663 239
100
59336 74597 78437 56922 82070 4025 61564 75296 77831 11865 44615 16516 45008 46547 45187 9488 78373 89785 84047 52847 63284 34876 27243 63740 73361 98866 68573 80731 65161 90362 84272 7678 53883 76170 47049 59634 75809 47114 29640 27502 77430 86655 87449 51464 43842 70765 45994 35501 72916 32410 8391 74917 81829 65048 18980 27882 96345 86617 2772 7766 97220 36659 38721 40924 11425 18183 25783 44166 18948 42035 11333 56013 46978 3245 42915 51941 14033 79267 71363 71328 97592 26419 14564 16559 91092 20687 4949 34182 20033 10533 92987 2407 36182 95969 56323 27267 35543 27750 41275 83048
100
35842 87017 36985 91655 42275 38820 54164 70057 61437 29612 75835 42215 4978 48884 54314 36004 68583 44657 6443 89164 84282 82463 42854 40238 79061 31806 29186 87791 60484 7489 48518 80598 35174 27643 87482 14535 20786 62386 38661 49634 58478 7154 50857 73853 84558 52978 11812 78436 45108 4430 70799 42767 7312 57819 92195 112 40479 34939 59395 55086 3444 55189 18313 18233 77222 43628 36907 31182 20437 47941 18690 65246 79639 19475 26090 69751 19363 37714 39504 77640 52112 59012 91672 34171 53810 94936 28218 57038 30054 40608 82335 27919 23792 90622 36796 14159 52515 89389 12513 39609
100
61548 72350 22982 73819 14501 53909 57214 76146 45718 12223 9803 76700 27147 73958 50958 41164 4991 52265 55246 66645 49959 98952 53126 23189 11033 15352 28529 28148 84666 77363 12720 95583 95385 376 3654 29162 80603 70676 50591 59064 84039 41082 9826 80582 7937 82017 22386 56826 42239 18577 75740 72213 32443 14898 32533 40976 47493 14852 74298 42756 38799 42724 1970 54068 52057 69396 70312 64780 52560 58261 14355 4849 82493 78170 76162 77470 31060 9153 63120 36521 43598 45140 70285 50705 95332 38779 43417 26688 24299 61307 70703 43829 83193 36359 3383 56874 8383 20973 53203 58974
100
80549 55197 70257 52949 30477 61027 697 55540 39451 98712 59710 100000 25034 70223 50500 58013 40123 48215 78582 32338 93843 30785 61626 82310 27554 5808 52764 21852 48937 25296 29642 64727 87734 76749 64733 11449 34217 586 53961 1839 91092 13315 59172 25685 17078 3168 54659 39754 64066 95731 5100 82607 75542 1332 31184 64424 55353 14983 63589 27063 5141 78784 68775 80826 24469 79138 46621 46046 34359 84273 41956 24935 68874 81373 78183 45538 43315 91680 7161 53907 86873 93682 64235 75921 11693 80659 36718 83284 43729 81137 38265 66155 36846 45459 90054 44726 61318 131 5261 52205
100
22201 81732 68278 62075 8885 17121 93972 20197 51324 89207 92896 20343 34244 43241 51766 33295 58350 67319 75386 13204 19833 4214 36484 59466 37209 39013 55353 26103 99904 68594 30917 11519 23824 14761 65550 44637 20975 50630 46516 72205 89655 55733 97970 99171 83295 61049 70382 30501 79542 97817 43248 56739 25830 94360 89354 9319 69859 44273 98689 756 31009 98552 3620 42164 93748 14941 41239 25113 28667 91065 69262 3596 10912 53899 13163 98953 71708 63693 9083 47578 36976 93038 16243 13417 23017 4081 45903 25471 5020 68427 53538 88410 29912 80817 29227 67608 17972 26913 26521 86064
100
46082 49466 72744 24120 38531 58145 34041 45039 17439 70184 83781 55126 42376 53493 79364 36349 68069 52672 86215 90951 35415 3129 15753 72080 72249 29376 4872 46444 63806 23553 47960 15948 35899 64159 19371 12920 54280 46935 6823 25555 66434 50382 45583 97934 42038 37846 15889 88785 9925 86021 72290 36761 3943 69202 81419 26414 41633 36073 84030 34620 32704 68533 48 57351 86521 13735 23711 76648 5324 44332 29071 49993 75095 4031 4517 52856 10700 12533 68311 54551 13159 4001 37585 93085 5999 75545 47101 51177 86287 35247 20249 46968 91552 90450 76292 31626 93883 92725 53734 21134
100
38657 9700 9860 45267 62522 44096 63252 28477 25933 72819 83066 54529 32017 88759 85619 21320 56627 12704 7354 30368 94069 90119 24939 37224 13803 89645 37468 99495 56711 53985 22319 54753 38298 14422 36261 46898 17107 81400 45371 77545 10458 26706 1563 5593 63723 56184 90825 25005 10665 80617 2756 16893 88599 87709 10614 61026 34213 94523 86655 56934 42351 66406 32777 7140 66837 51585 55443 35860 32217 87759 47209 16787 71928 5125 54911 23618 11095 51844 45121 77782 58173 57319 62862 83799 8925 634 80703 51296 74749 42263 46298 86098 58288 53523 67534 21889 10402 70651 71714 74850
100
77744 48621 2317 34738 87016 4095 49580 39313 62726 39083 39319 95079 87600 13414 46619 49363 56830 10363 21735 57103 88332 16040 30953 50652 84316 55284 9134 23850 74177 5069 32578 7657 52209 71792 82787 11592 60493 91740 86288 64350 66117 53972 69249 45990 32142 90527 69122 25183 30940 75380 24209 24017 82610 94678 48819 31353 25096 57128 94911 38400 80126 60916 43733 61100 94860 20309 88643 88287 37641 58434 5313 51203 90181 96849 28685 18062 22830 98144 19200 42624 73682 46699 54031 58198 49480 48804 67733 5894 85253 26906 74465 79791 58673 55730 20201 63898 36152 97138 28831 22353
100
89795 2670 27093 34716 85683 59411 32849 87245 50287 24289 8307 70890 19305 40621 93379 8891 33394 91701 89338 88845 89252 59949 94229 14002 11113 60215 36797 30517 66072 93694 27756 958 27192 65222 52299 80611 11130 29007 98327 39709 85357 55171 25824 51841 31765 96043 34529 41059 89319 43698 43148 24479 77699 6143 64322 24646 36497 88930 56712 53476 16209 7372 62049 75635 59386 16414 65317 51049 68957 78898 52544 9037 9824 17253 55587 44609 61990 17879 87314 61808 50218 47885 54173 54952 70533 97936 95840 72430 2727 50872 92281 28072 36526 53152 58597 73156 14880 81944 83032 72223
100
57857 25745 22442 43836 27417 67453 23347 71253 10351 57996 59988 52786 68174 80717 48543 8602 60337 9236 85851 77044 26158 59459 84854 39501 36508 55157 49839 50907 44443 98046 79363 74894 69521 54956 56661 80110 63958 73406 16501 8477 32865 37735 67569 95067 28696 88995 23687 90193 34136 59978 78332 7452 60544 15991 22588 25109 7058 73387 79792 66146 75458 92572 21767 69622 85524 9887 11188 72262 54081 26729 62338 7806 51770 79688 90125 60372 27851 62968 62446 51212 85392 45961 87423 23919 49988 31410 55049 90318 1904 61741 38164 36844 54129 9730 16535 90445 62137 90259 24233 40339
100
80020 85418 76390 56990 27395 9887 94318 48671 88011 70478 99678 90459 31116 44294 20270 96752 45790 70717 78253 83008 98400 40295 17137 87369 78858 93997 60404 43805 99280 48774 32083 14913 46126 25472 38911 64951 48664 18495 96326 16053 81917 75113 7787 48243 26694 71799 26129 30249 18567 56131 43256 99678 47580 47396 8463 41244 40438 86247 93752 16115 91501 6493 71331 50130 16012 79349 28682 37373 10172 49072 85274 88827 18102 20295 8642 14865 35497 12130 66475 79035 75136 85226 19452 98122 87671 45620 3592 38436 53491 42469 25580 65803 98172 90058 57801 29711 17995 40632 77681 24106
100
7497 74685 98035 77034 93949 98478 1762 3872 34916 9101 50236 91199 36581 80206 99860 55986 57445 42296 75128 11910 51063 18603 23456 69332 6738 47764 43214 91837 93573 26269 96707 4515 63804 96585 47493 13784 2480 46640 10703 34622 38366 36623 79691 92898 75061 15872 55546 6621 87130 29919 56593 3370 7776 56541 66168 46360 71319 92444 53017 27355 36582 30233 79652 61960 44740 49286 16074 70541 623 31076 92912 59855 88277 47740 74360 1234 80450 74682 27581 21080 55678 17149 29073 1378 83245 93582 42348 26285 91264 66341 94313 62860 54403 31169 5876 98250 12597 3350 57874 10320
100
65842 99123 81896 86098 56356 21366 20627 99788 36809 4004 81968 93880 60309 86150 3974 43527 78704 37220 56727 4527 26047 45962 85826 22703 35938 41675 59733 60650 40110 83227 85959 78216 95051 28771 78616 61176 44899 49493 79685 42159 87846 97833 59896 69990 20795 26744 87669 47935 76887 82334 24161 10078 12029 27324 60641 42352 74682 74606 90357 50907 48276 13604 77485 89571 96096 89663 9888 97241 74917 28513 54854 35320 31313 40868 6391 25126 17720 74316 25458 57686 22978 25596 19510 86162 38338 86016 90110 94245 13543 59594 43779 83910 55955 36561 67062 39836 63001 86141 59664 48846
100
59816 30580 99809 79430 11780 67321 27203 76907 69005 38673 42553 83407 51399 86906 43581 81105 70768 24582 70773 72051 98814 56405 12302 76706 16511 17719 34168 22445 46562 98286 73365 28347 24490 33337 50006 47729 56824 42562 55236 12143 75665 23622 2791 3416 19749 87566 37574 5475 34868 42805 42781 11879 40198 31454 68773 78031 87693 13202 55431 65635 24463 70157 64602 10981 26661 15001 44749 48186 26111 20791 9254 51873 90659 4790 35714 31097 44301 4697 34172 47415 25809 6995 38181 86058 51507 65728 74858 78804 3862 50261 97988 89166 26706 85077 16543 89369 61931 91471 3065 9123
100
79440 10276 62111 5257 82766 9827 34678 19673 39146 58663 67540 51783 39594 22097 88317 51895 46732 19751 47329 38935 91395 40549 82259 11688 65884 10844 82057 51235 58911 57620 86167 96865 67776 44710 48959 23105 79471 32916 81277 14780 76539 97682 65839 56568 72807 52054 42902 73437 16486 41738 85034 16390 97065 48920 75033 20764 62857 36162 59830 86235 83203 87621 18115 77079 79820 7659 84526 30586 15344 76799 71846 75958 78987 54706 86213 78344 44142 36103 79545 54488 63099 78492 37107 31508 29154 40522 95608 1483 17139 41870 6675 62243 62599 68992 70852 86830 59628 78712 70306 48731
100
87172 40346 48809 44618 50467 3070 54220 81913 12060 41256 94485 26248 76 94749 49096 46716 312 16804 88851 49456 50462 86138 73980 34419 28580 77885 2929 29775 21716 2133 95785 73434 75855 89810 63082 46990 13293 19520 79067 881 12760 18468 66752 94884 82015 8119 92702 81699 13160 67208 40467 81090 1910 94847 75000 64931 384 29514 53736 67381 72513 61298 24533 98255 79801 17576 65411 2520 13833 66307 45678 50527 447 71323 60564 28328 51184 55054 53575 42503 14313 3275 30979 96736 89838 8462 99741 41979 8132 83101 21582 24532 73152 59062 85486 47922 50933 24708 51717 6837
100
29224 72668 74835 37819 38863 39655 76652 61957 57182 13446 79295 39601 85232 61931 99789 38744 18102 22881 60817 29416 35241 23704 59552 12223 91849 32343 50186 27037 48798 94579 92697 23527 97164 1556 92827 75893 17783 81084 401 87953 38722 42948 87553 52921 71106 42819 78248 91972 75446 22658 16392 89486 24612 30479 21316 4323 16402 17484 21292 56515 77552 20263 11445 74252 10953 14729 389 52432 45652 96086 84112 80952 7363 52446 44165 99201 3382 98681 79499 99423 41272 25500 88381 55704 34494 86846 11334 10728 99026 36163 25004 79613 59063 93876 11224 55897 54732 15750 2790 76259
100
60470 87608 26966 46237 41799 29931 87348 28017 46016 84010 40547 79871 98132 38274 51605 71681 43254 58632 14093 84131 50516 18184 60774 55786 39894 92355 77521 68232 91662 48995 43871 10177 35346 62492 72214 49984 46754 31486 8477 84371 15182 70891 95653 7012 76497 51604 54956 36622 90035 88179 28722 68343 56612 19552 22489 45121 39385 9332 88654 47138 87347 6977 46603 66430 69241 98870 40121 36708 70746 59383 27864 13928 72979 68690 52637 74801 17335 96121 32923 82900 87026 36574 86179 72334 15380 5194 93407 37143 39447 73649 97296 68464 88181 86708 24692 45436 38584 8702 93412 56897
100
81806 28944 56487 34770 77662 12559 23348 31458 40913 18250 56104 26411 5803 97377 7213 82875 68017 87252 85617 36434 78604 49876 76418 79417 91742 18624 23751 82145 71780 10279 72155 51650 78536 6631 30792 30509 39228 78406 17510 27281 64529 78223 58093 16150 33488 36240 18865 76945 23904 95306 7328 56403 15100 67222 9763 92628 66494 94637 38719 6377 89929 98123 20378 72243 59692 77971 13736 5335 67765 86622 48207 10232 20118 93318 38709 10584 57385 17932 44435 29608 44223 69385 83915 60775 6676 75863 9582 79681 89786 86841 93537 70981 89476 91717 66154 61150 64397 34872 82516 64091
100
82813 47748 99805 60623 57989 15720 63416 57594 28889 33144 4336 25449 42578 44485 8913 86004 28317 58520 84431 82973 11179 18758 64817 26789 44705 98402 21507 37258 88673 45696 47878 51240 50182 25834 2937 14238 743 14218 78573 50340 32177 57434 84536 74682 14249 91418 36600 88025 36415 55455 28054 45484 50138 90174 21217 67538 86797 53419 87635 72917 75432 61307 50241 76486 17663 97766 5213 67886 86222 32565 92502 51853 45120 68862 38419 79142 47388 51419 82864 25748 16465 99671 8499 27973 81492 74736 19770 10330 82637 36643 19193 92917 54951 90918 74754 24224 89296 30425 71225 65107
100
40266 18982 51043 53764 48603 77640 98800 15828 33968 63736 42618 46612 14297 55892 61849 7225 82050 60927 62173 99177 44570 86642 46052 51707 21220 78607 93373 23525 91777 82074 22300 1287 36016 5302 80813 80165 60323 95302 89317 31020 85645 72314 47765 18087 39215 25250 28210 79698 13762 98556 18932 87064 59631 30365 6564 10470 16587 9325 79977 86118 76274 18965 71881 85890 90289 92560 47662 344 27227 40688 32272 87897 66922 14134 63528 10185 39818 37685 41474 40892 8640 26109 36090 54551 97015 36920 76022 78655 86802 78364 72451 51955 62040 5736 96931 21180 80214 89676 13416 43924
100
83191 88422 10452 79248 27125 73624 29663 71769 65202 60853 90238 23511 3763 75010 63945 83754 49986 73789 35399 73625 78073 90964 52315 77682 28045 81571 72986 29657 18973 90453 62174 57465 63026 4403 83858 48719 11378 23214 86994 43737 33609 15551 41812 1975 85487 65192 99669 30075 71079 52716 12188 1507 44000 12891 71347 9637 37204 71547 92204 32277 3533 68686 48813 84184 29290 63223 36185 82004 94762 75581 57217 84848 98932 46860 34955 1302 99663 52109 16690 1263 44990 72383 99214 53155 30813 65569 96431 57309 98868 70109 46600 87892 92164 40784 2390 35636 53867 16496 35583 45757
100
88354 70508 80819 33197 16504 86988 3552 20642 6465 12681 714 98655 64460 5676 17436 84857 95917 12385 87414 39854 17953 67089 27077 30463 85189 64942 16925 30107 64057 53965 22867 87983 42372 75721 91727 13125 38594 27123 21617 68058 90185 66618 60334 37879 33388 72585 28273 8422 75468 69286 92635 31252 38912 92669 55834 74423 8757 32064 49462 76278 45449 72505 59018 47041 68862 42835 18197 43034 65361 77012 533 59351 36623 46616 53040 56351 62951 44157 23075 32699 72940 49647 61198 48253 80882 1676 67228 28310 29252 33082 6511 1322 93074 27906 33692 97456 742 16794 55923 90412
100
48915 11711 84863 18655 13782 19514 79842 4424 69653 35516 35306 6493 92553 13527 55663 40558 77620 78634 98067 32305 62857 26468 64587 2735 15114 90444 87425 53841 80308 65163 71105 9217 54472 94395 75472 63624 18639 57039 14681 70666 94964 91341 30625 13556 56423 59239 89979 94276 96455 57932 5778 36339 8600 46170 12463 86316 58137 91317 23708 77992 73867 97799 35353 33366 95335 44263 27523 12624 91634 29509 93752 85548 12503 51460 25576 71410 1828 13556 56002 4963 34169 74462 82152 68432 6108 10113 56529 74551 32363 36786 92282 37460 14241 48192 68622 69996 43842 63067 27333 72882
100
99713 3132 99910 7684 63785 2429 21110 11022 91656 32446 1652 59968 76176 18733 40562 28184 42329 70162 78970 65555 1143 75291 82253 66472 83886 95175 79670 27533 76212 2288 93454 35890 58462 94162 32654 23844 54996 78656 68390 59366 1267 4898 73792 7027 55100 45968 62621 89051 87926 17129 45535 24957 12516 48136 61606 13682 89705 45387 52903 78530 83339 53527 81364 72226 38513 39672 52335 30526 34454 28504 40669 65170 71996 2890 57065 61460 34846 79208 71011 45858 31853 32123 60341 376 93121 40075 18542 1136 40211 61473 63303 89409 16388 12879 25316 62380 95839 10130 96494 16363
100
1059 19585 35983 93063 74449 84484 54568 77211 32704 19143 66246 57710 40695 81147 58570 99380 8224 64813 38094 64180 41193 22178 37298 30591 13645 58783 21239 44347 6311 5641 27408 91037 92409 79102 54053 86223 21106 85143 45532 63018 85563 51361 95206 58103 15439 33027 21772 80723 14350 47553 33077 20521 84224 13271 24701 70083 95435 88197 94265 65453 9354 93657 9572 87988 13844 79030 77119 19653 98272 52835 18667 5984 11157 17495 17802 12911 24889 23017 70623 70565 27127 347 63759 5031 26091 91333 17564 6363 55048 15051 95640 38332 49780 7664 14879 88544 22073 59863 11505 59374
100
76890 41553 42612 35838 94226 39413 81966 88919 7648 24395 723 88707 5728 62626 20881 62207 92796 22673 26948 96226 54986 34221 23630 48770 2441 68544 56741 9871 87873 67349 5886 33289 55966 29201 88204 64116 63618 75111 51953 81583 41421 78673 69248 33510 65505 8755 18395 62330 44572 66887 6495 61692 21459 78552 19224 45527 42107 606 80716 16497 70607 93813 62103 36674 77921 38484 9860 66270 28432 85781 77544 28368 53187 41221 88544 10130 69289 46772 80717 48415 26011 58513 12293 85027 54980 25116 13838 7224 13887 93973 90033 65069 78628 82443 99992 17174 59389 13764 12051 62727
100
19964 74246 40522 93395 78613 9629 96983 40853 80550 39195 36192 97538 55507 77101 75492 9421 79779 46121 42751 26030 38578 61899 3995 47208 11254 62790 37180 29038 3668 24215 30421 58280 93762 44559 18116 34907 14734 21336 25013 61072 53389 27299 32598 7319 61401 16387 95898 17654 21207 99061 22942 29685 88302 14685 82836 1795 19929 66381 22847 26895 46726 93422 92867 29528 68080 38971 36762 43834 3870 25149 42827 68481 20858 21344 12175 82664 34853 27724 82528 1465 65575 88345 76657 14292 98485 81324 22241 64177 98391 11378 82507 25128 24302 34933 68237 36080 11786 9777 84331 16103
100
90316 44186 52147 61419 8672 75766 31057 46499 82057 27105 50707 56681 61541 9884 6830 54578 11497 30468 32609 48790 14353 63641 56339 65147 27971 71707 7719 9793 37289 44132 33602 86362 47189 81359 49924 85271 2715 85292 90510 85598 4253 29681 68897 28120 75393 54697 16781 24986 10118 36733 39763 54867 31966 92182 84219 34999 39173 95244 43408 29081 18955 68242 17765 46136 13111 34498 28307 46811 42280 61421 44681 73492 27184 7453 5997 7086 89558 48507 31753 91061 22896 39250 28007 94804 74728 69862 80215 37486 18147 9390 10174 25842 54841 74062 85637 2786 58447 10265 64031 79464
100
75339 9091 77964 57405 55790 70396 44815 9423 93926 78140 92094 88113 15097 59997 55352 48598 13243 28754 1168 75115 93447 46929 9026 30343 61443 86933 40846 94488 84740 89319 79930 51694 68404 69665 65076 99317 3453 21955 91161 51477 79207 59816 82649 51617 5104 84954 71930 88836 91773 32422 17825 8239 3046 97890 92857 63562 89721 53245 21652 13585 84052 37428 91399 53520 48266 38246 90768 6316 95761 70101 23531 37211 40322 67026 93125 2922 21394 58737 83894 59876 79845 98962 37868 26202 13422 60222 33227 37521 38393 52590 93162 19296 85901 45884 17030 34026 57379 89707 31721 84493
100
56374 89966 30256 96558 71477 88182 13066 38238 41809 94587 93387 37572 54298 59614 30271 19874 62253 30315 13327 44760 93936 31413 75312 25850 91735 77200 31391 17864 66004 56579 4101 2672 91839 62623 46387 18136 66056 59366 70258 52198 65782 2112 91895 49552 96561 78099 74642 90443 7011 54049 8342 48017 56969 6552 74 46408 61107 99139 53216 7850 32645 91148 21866 3731 66966 18585 46985 34117 13170 27474 31639 48060 58583 29353 38199 25016 50761 90032 33287 30382 54573 78450 87948 86786 63868 18217 91075 71285 71461 69789 11915 45846 96251 10987 62158 8057 24603 95714 89091 31744
100
91309 5393 46050 74097 32527 57678 36233 26203 77487 41768 37507 83721 37235 11537 78506 43527 48634 28836 11060 4070 22341 61482 27800 49004 19039 74807 66442 45860 92249 64194 19865 65623 85739 33114 31185 16316 66735 41530 20641 62906 63014 536 84477 33758 29728 10456 55834 75736 54220 84361 3020 17886 45365 32714 38920 83260 40289 85478 66523 69663 4288 12230 63595 43455 17269 41017 49439 70438 48404 51480 81798 57539 65180 85353 89335 88658 70911 29742 80839 37869 81173 43935 71525 27571 68598 19043 33517 85854 6811 28348 541 54186 8449 95939 21154 44024 83459 83652 99767 2729