100 227
0 44
8 23
19 36
31 39
1 29
1 3
4 88
1 9
3 49
0 9
1 65
4 21
1 20
0 55
3 74
8 71
6 7
52 73
26 68
14 39
5 78
46 75
0 5
25 74
0 4
1 61
27 50
4 67
0 70
6 7
8 23
3 48
1 3
9 75
3 81
0 1
1 29
14 21
38 82
3 68
1 3
11 34
23 98
21 22
1 87
3 25
21 22
6 99
43 72
4 90
8 23
1 13
1 3
16 47
21 22
17 45
4 59
1 77
0 9
6 7
1 54
0 5
1 70
0 1
1 3
9 38
1 49
3 6
27 50
1 9
6 85
0 1
7 99
0 77
0 9
1 3
1 9
1 20
0 80
6 7
32 53
1 2
1 28
1 3
24 57
1 3
1 9
0 4
20 84
1 50
3 26
18 78
0 4
14 34
1 95
1 3
46 75
3 48
35 57
5 23
2 63
1 9
28 40
18 78
6 7
3 91
19 59
15 52
0 4
36 66
0 10
61 93
1 86
1 47
1 15
9 54
0 88
20 41
3 86
0 1
1 9
66 92
1 3
51 64
24 30
17 45
1 61
33 83
1 50
3 89
1 55
23 71
1 91
1 9
5 23
15 26
1 47
0 28
9 16
3 65
8 98
0 44
36 66
4 66
64 96
14 21
1 60
1 9
0 95
8 23
0 27
1 54
1 3
1 41
1 20
9 60
1 42
31 97
12 19
1 3
46 75
2 4
3 5
21 22
0 1
20 25
48 69
20 25
51 61
16 47
35 57
3 29
3 25
15 37
43 72
3 24
1 94
1 30
1 54
73 76
4 80
70 79
42 48
6 7
44 67
0 1
1 3
27 50
3 83
14 21
32 53
6 7
23 71
6 56
0 44
0 45
3 15
1 9
9 94
37 81
2 4
0 58
32 53
1 58
4 19
0 5
33 87
1 17
0 1
14 34
0 4
14 53
1 3
1 76
1 3
5 89
9 43
0 90
0 1
0 1
1 38
1 50
17 45
0 9
52 73
16 62
62 64
