1000 3389
766 945
2 305
10 32
7 625
8 444
22 320
0 199
2 226
4 80
39 60
2 640
0 19
12 251
22 458
0 2
2 125
2 102
2 86
2 342
2 45
62 500
5 172
10 428
208 890
13 602
0 776
54 761
6 220
271 328
161 679
2 286
6 133
97 373
0 97
5 108
0 306
0 65
2 259
75 111
12 230
198 661
120 990
8 514
6 133
2 590
24 104
7 319
210 308
118 128
0 2
0 27
62 500
5 801
92 453
104 863
118 701
158 171
8 34
64 819
7 625
374 754
31 33
0 712
194 393
2 8
0 2
16 388
200 525
567 955
552 609
481 629
8 702
412 797
34 67
138 171
22 349
3 899
79 399
2 5
0 20
202 871
7 298
53 929
131 423
0 704
31 94
2 159
2 5
37 233
93 200
2 5
8 135
0 327
715 982
747 909
2 275
28 190
5 599
25 449
2 43
2 724
5 37
2 771
32 591
2 140
4 227
8 782
4 493
27 532
7 23
516 997
4 571
6 773
2 163
8 924
2 16
2 510
6 249
13 283
34 261
4 17
71 146
207 318
240 869
8 506
2 76
233 722
0 560
62 236
604 858
11 115
143 389
2 166
4 216
0 59
16 433
5 916
0 2
0 27
0 27
2 5
31 545
2 16
0 17
31 123
47 292
194 898
16 795
14 61
210 748
65 708
2 152
2 474
111 605
37 852
3 661
2 92
589 670
0 27
356 499
159 235
0 228
5 633
0 153
2 607
127 353
57 173
57 173
648 956
17 710
20 69
118 128
0 965
4 80
392 864
487 645
5 408
516 676
0 2
0 4
162 552
36 694
57 613
228 678
7 636
54 438
80 872
31 33
11 516
0 27
2 5
0 2
317 485
2 93
73 141
127 353
33 260
5 233
23 415
11 526
33 463
466 555
2 5
62 84
2 200
31 94
4 360
24 104
2 16
4 216
214 279
18 68
2 89
6 81
5 179
28 57
0 425
551 576
210 234
0 27
2 615
2 370
2 623
3 633
0 96
114 530
8 743
44 680
2 95
0 2
4 337
73 885
227 570
8 39
89 587
4 509
0 62
90 163
8 16
19 42
23 415
5 117
0 72
2 4
5 179
2 5
2 821
0 229
2 14
136 584
24 130
2 600
2 285
150 536
36 297
227 570
2 43
2 174
2 152
227 570
82 750
7 319
10 32
8 196
210 308
507 955
0 70
0 4
66 659
3 488
188 741
31 94
4 216
0 27
85 611
2 43
344 585
405 892
0 295
42 940
0 114
0 430
2 893
27 256
2 455
27 156
15 417
9 210
7 23
153 479
16 987
62 401
95 550
0 251
15 481
2 4
20 202
2 14
25 361
185 410
0 27
8 369
10 32
42 775
16 867
14 434
28 57
239 329
2 16
0 19
268 947
5 548
61 720
334 703
4 541
0 12
617 780
3 585
0 373
14 61
54 60
117 252
45 51
0 2
0 17
390 960
4 111
5 37
0 20
746 765
395 405
52 919
8 506
2 149
0 12
28 57
131 134
4 571
3 22
10 32
3 22
57 211
2 166
2 102
31 33
2 58
0 19
0 4
5 50
2 699
21 741
0 227
74 254
83 376
640 656
559 964
31 33
280 409
36 76
0 184
2 16
2 484
0 12
2 16
164 195
6 81
29 237
8 611
8 577
0 472
0 95
66 125
3 488
21 403
397 873
527 886
0 7
673 866
47 538
595 854
13 134
13 264
8 861
84 311
154 547
0 966
73 273
466 555
97 406
0 27
171 952
3 359
8 39
0 780
2 93
2 404
2 43
219 822
5 266
27 766
4 523
5 840
4 541
122 528
28 57
40 849
2 5
228 678
117 677
0 65
2 7
23 281
247 363
112 906
2 145
28 57
5 843
297 674
424 523
31 33
2 794
232 882
267 420
0 55
0 256
2 54
8 100
0 40
95 550
2 8
0 40
33 150
7 380
8 39
69 597
58 170
22 359
498 688
10 187
207 318
9 107
8 221
37 198
59 333
33 260
4 225
11 245
31 545
746 765
27 156
177 860
6 220
668 672
50 688
344 862
7 678
8 16
28 57
2 7
214 279
253 686
135 934
7 228
6 154
45 445
129 263
66 125
2 25
819 855
15 818
267 580
0 295
131 134
0 2
8 314
0 59
0 27
8 514
191 206
7 228
8 39
0 27
5 455
39 60
39 572
0 4
39 967
0 27
2 16
2 16
2 45
95 550
8 611
176 304
129 939
0 710
79 399
57 173
45 387
13 155
0 12
13 283
2 387
0 2
205 214
2 668
31 33
60 761
0 40
0 827
2 895
186 313
4 17
56 131
143 546
492 806
31 33
121 781
2 5
373 738
112 168
39 91
191 206
256 646
5 351
0 256
689 750
115 311
485 970
2 568
2 622
114 850
60 438
189 983
2 362
2 43
4 707
240 869
95 550
74 820
552 609
18 19
14 709
194 224
98 948
14 244
254 820
34 261
0 11
8 343
33 164
0 988
5 37
247 632
28 57
178 215
10 681
9 828
192 282
2 76
52 127
44 355
25 450
33 354
116 129
565 726
90 135
13 283
2 471
223 279
593 801
4 357
537 573
218 753
2 149
31 94
165 643
31 123
20 665
6 582
97 373
4 357
2 15
2 43
2 71
905 917
2 467
16 362
7 778
239 372
228 678
2 79
332 420
92 453
62 972
0 945
178 749
4 44
130 685
6 154
164 195
2 717
905 923
0 62
219 291
0 73
5 50
30 675
492 729
174 460
117 916
45 51
85 700
119 271
0 27
2 498
10 32
7 319
8 506
41 119
55 466
28 190
22 862
47 77
336 496
2 240
118 128
0 2
51 306
105 807
2 468
3 22
2 43
31 706
33 260
16 968
2 640
8 384
21 403
28 727
29 419
0 199
13 134
207 318
2 5
2 46
2 15
7 483
2 369
2 561
0 880
38 241
0 324
2 89
131 134
7 658
20 30
0 105
127 353
194 374
44 429
28 57
2 45
156 927
125 250
34 826
334 703
3 37
5 172
4 111
329 858
717 925
39 60
51 306
0 353
2 50
114 242
2 348
2 510
274 321
0 7
6 578
0 2
42 185
0 752
59 682
0 104
7 277
27 256
65 957
31 33
214 372
12 248
481 629
2 334
194 374
170 656
0 10
2 414
2 275
62 182
131 423
228 678
8 39
0 27
170 623
183 977
2 978
27 617
2 45
80 872
0 27
426 779
122 528
4 44
2 93
8 441
2 163
2 89
2 16
2 367
8 135
0 12
664 954
296 891
813 922
2 16
3 865
2 776
2 45
0 2
2 226
112 168
2 486
54 165
2 8
31 33
0 459
22 463
2 16
10 26
206 442
227 326
627 745
59 791
89 824
230 364
12 209
2 166
10 32
13 264
8 85
31 307
19 42
0 418
117 408
5 201
2 76
139 389
8 85
7 197
8 34
0 30
0 59
36 79
123 559
2 193
206 442
4 80
164 195
0 43
0 62
210 308
2 102
17 360
78 122
647 967
538 638
169 519
5 300
27 881
642 660
454 494
233 852
60 219
2 50
2 273
2 298
410 569
153 479
129 759
0 651
54 60
2 367
2 305
223 292
154 904
179 808
338 742
40 412
67 405
0 901
2 335
2 880
10 32
115 311
84 683
2 810
2 240
170 958
33 260
8 732
5 50
2 92
194 393
673 941
0 2
202 639
223 504
2 854
2 46
2 556
2 14
2 375
41 747
20 40
215 287
2 43
4 111
382 537
171 576
29 517
2 587
4 509
0 27
144 465
0 19
2 877
207 318
512 951
0 2
2 89
599 635
72 390
105 396
2 5
317 485
66 250
7 48
30 902
66 299
36 521
0 357
0 731
3 5
4 149
6 154
642 660
2 305
2 116
4 80
171 627
2 530
0 27
0 897
2 811
20 657
2 252
4 111
11 115
2 5
0 268
21 132
2 296
33 307
115 526
4 17
75 762
8 506
0 294
84 491
66 299
0 256
66 831
8 39
6 220
466 555
4 103
2 908
2 5
0 20
31 461
282 452
111 763
31 586
2 5
70 285
274 957
42 185
125 799
2 130
0 2
8 39
2 206
2 54
150 536
20 657
281 415
589 650
2 671
64 941
2 442
22 359
8 506
0 182
652 697
2 305
36 297
2 4
2 4
459 827
903 930
349 581
0 863
65 553
3 22
3 984
149 618
8 196
28 57
166 709
213 464
158 171
14 244
7 48
388 549
0 342
169 824
265 805
2 321
0 2
16 830
2 5
2 339
112 168
0 309
0 908
98 621
2 149
204 248
0 863
315 354
319 489
35 739
2 58
12 209
49 69
2 15
82 705
0 55
0 229
44 80
45 445
444 546
12 71
247 786
89 241
2 341
2 149
5 121
19 775
2 533
125 879
33 463
6 443
3 394
274 708
0 2
2 240
0 616
2 240
57 989
2 7
368 913
0 418
16 433
41 110
276 381
237 427
227 570
259 270
459 827
3 22
22 344
40 268
0 40
0 27
2 35
239 329
47 542
10 845
0 294
21 741
54 438
5 367
68 78
0 15
249 578
41 377
23 181
132 403
0 2
2 86
0 59
0 333
50 593
98 690
0 87
451 935
8 419
447 598
3 37
3 5
102 286
21 136
5 300
158 171
2 114
39 514
87 439
2 541
2 43
2 244
0 814
4 124
15 435
57 173
43 262
4 216
0 142
0 36
0 425
0 51
5 233
2 45
466 555
0 4
0 48
4 535
31 150
2 16
0 2
219 291
24 130
18 68
34 261
213 653
72 960
0 793
68 78
2 764
0 27
4 360
50 160
81 190
20 436
50 467
497 584
46 612
58 193
382 537
269 555
234 890
34 261
54 60
0 268
589 670
17 564
0 4
4 126
0 287
2 163
8 261
113 172
2 274
204 248
466 555
2 89
89 169
2 669
6 81
2 45
55 719
2 802
125 217
0 780
16 705
2 273
115 566
8 34
3 198
8 85
7 562
8 82
2 46
66 217
757 770
2 804
105 841
25 944
8 34
0 484
173 447
0 470
56 131
305 352
2 513
76 521
7 23
97 406
6 133
385 565
16 671
0 2
62 683
4 337
0 2
147 189
219 291
75 763
2 670
2 166
142 821
411 598
2 685
2 176
8 82
461 979
2 264
59 333
14 426
0 386
2 252
0 59
170 583
40 557
7 48
8 29
8 63
60 911
281 415
33 391
2 240
2 717
280 346
60 219
62 236
27 875
10 32
276 992
224 723
133 208
331 381
4 474
2 43
0 462
8 384
25 810
75 111
20 30
342 400
15 324
2 8
733 850
10 32
10 32
631 659
28 57
8 85
122 870
2 65
14 49
39 189
40 634
0 104
141 885
8 641
813 897
2 800
8 655
540 991
52 331
291 822
2 149
55 466
8 39
0 12
156 767
4 80
8 135
98 105
420 993
0 425
331 381
347 859
2 8
0 27
21 136
75 376
27 951
0 4
219 540
378 638
436 809
0 12
447 994
582 663
528 870
71 736
8 85
2 170
222 236
0 4
112 168
159 464
2 276
2 8
191 206
160 235
0 105
693 815
5 300
0 227
7 228
639 933
91 732
617 785
319 489
84 115
0 20
7 366
18 68
3 325
2 76
0 4
24 104
4 44
0 651
847 904
2 876
562 903
342 400
8 29
0 7
97 406
2 46
2 253
151 254
39 91
6 81
61 469
6 81
13 56
2 414
33 503
8 641
45 387
215 749
445 515
888 891
154 663
282 452
2 264
2 95
62 491
8 39
0 310
239 372
18 68
90 135
0 7
2 606
2 7
1 123
31 536
84 815
239 372
29 834
2 13
5 117
14 166
0 797
210 308
167 289
0 2
2 335
88 365
69 323
2 265
23 156
143 608
214 539
2 226
2 8
59 302
2 178
4 943
48 793
8 29
31 976
6 81
0 101
12 596
0 975
8 34
7 878
31 123
71 146
2 752
59 295
2 433
833 995
8 135
0 52
0 256
207 371
0 2
15 275
4 111
2 16
8 39
89 803
2 58
598 994
2 462
2 470
8 641
5 121
2 484
2 35
9 999
8 34
2 46
232 620
0 2
3 22
51 306
101 711
2 35
0 833
8 506
198 865
5 548
4 80
27 156
2 926
22 359
2 170
8 29
2 799
2 834
17 493
2 305
2 45
5 984
131 272
424 523
20 479
2 45
60 219
91 147
2 5
651 772
2 240
160 938
0 2
21 132
7 298
32 725
5 179
0 4
2 467
0 897
87 406
4 111
107 431
2 14
2 869
2 12
0 52
2 43
2 45
2 43
2 278
8 203
4 17
27 459
2 258
2 529
2 7
2 8
5 669
31 255
284 883
598 829
0 2
2 58
0 733
57 173
327 632
40 436
9 961
31 94
1 123
2 58
617 780
8 188
0 40
2 649
33 307
49 323
2 170
2 16
247 363
57 839
90 135
356 619
216 564
635 781
0 251
2 18
0 10
22 475
22 359
8 718
2 152
5 121
581 980
0 242
194 224
383 692
18 68
6 844
7 483
2 43
2 614
56 180
143 232
0 27
2 273
2 258
317 485
51 451
49 543
6 582
2 117
45 51
0 27
66 879
61 434
93 200
2 102
459 827
4 227
2 252
87 439
33 290
33 307
644 826
13 134
57 211
133 443
36 76
72 390
2 130
8 689
0 27
31 545
172 548
0 36
3 963
7 483
583 969
0 437
2 768
2 13
125 637
389 608
4 17
0 36
0 527
4 216
123 721
0 437
0 437
7 485
8 867
6 9
58 817
12 209
21 188
28 456
2 276
5 452
50 160
291 643
138 551
14 166
194 224
4 973
306 935
7 23
205 267
0 430
0 30
198 488
3 735
0 209
39 983
447 574
378 638
59 509
0 333
136 584
31 545
2 5
39 514
28 57
24 104
81 753
93 524
76 480
186 313
78 528
8 517
2 58
62 236
2 4
10 497
47 378
10 21
2 4
239 329
2 138
207 318
111 605
11 155
2 992
2 130
0 12
2 45
27 156
36 79
2 176
39 981
0 12
2 252
0 251
2 15
183 192
54 438
0 459
633 823
10 314
2 50
2 125
0 943
469 770
66 125
37 889
552 723
22 33
240 407
6 133
2 703
42 940
38 542
34 67
324 742
31 290
7 181
62 683
2 262
31 150
269 533
151 254
0 141
2 16
0 40
2 92
109 860
20 665
0 204
3 359
2 45
90 135
4 80
0 12
358 954
164 391
123 942
2 107
552 609
25 293
241 803
162 194
22 349
44 866
81 753
8 924
30 392
480 628
192 282
2 5
94 838
7 402
207 318
38 77
30 864
2 109
129 263
217 637
332 420
2 7
173 563
2 335
328 569
76 480
69 543
2 76
601 682
164 391
228 350
202 871
57 544
7 48
2 4
0 20
84 222
203 379
39 777
57 173
120 996
173 839
2 8
0 256
11 62
156 767
2 5
31 545
2 782
33 446
280 409
2 116
125 502
84 566
0 357
2 607
6 9
2 149
2 987
6 154
186 313
713 751
2 462
2 758
31 33
0 2
56 423
2 43
2 726
308 961
45 51
87 950
2 149
2 264
3 359
589 670
31 33
84 311
730 946
2 12
471 859
10 497
156 532
114 610
113 932
422 914
1 123
7 784
0 2
18 68
1 123
28 218
56 272
85 718
484 835
274 321
5 233
4 523
2 7
0 20
760 918
0 30
2 79
317 970
2 58
5 172
0 2
2 43
411 598
37 198
2 16
8 39
132 913
171 697
2 50
233 722
56 755
4 523
27 616
0 462
424 523
121 201
4 17
3 359
219 291
2 8
2 88
3 22
139 212
127 919
219 900
2 145
2 130
89 169
131 134
355 575
42 775
0 696
2 835
54 60
172 548
631 659
0 714
371 529
2 46
14 61
2 8
2 16
16 82
0 242
120 894
27 156
447 574
99 554
2 8
2 404
12 596
6 844
7 562
6 133
395 405
37 233
0 7
24 130
4 17
90 135
652 697
2 769
0 2
98 690
27 156
67 405
138 171
85 611
2 89
7 478
120 561
204 248
0 43
2 7
31 290
109 177
20 202
2 442
0 2
132 403
2 912
2 50
127 353
53 243
44 64
2 367
22 899
81 476
2 907
4 258
2 7
167 534
2 58
223 279
31 260
12 816
87 439
5 677
2 16
1 123
6 9
158 171
2 193
20 597
0 390
624 896
84 245
11 84
2 969
0 184
125 250
0 450
2 170
33 586
0 929
25 174
25 650
210 308
224 723
25 293
253 686
228 760
474 895
832 921
130 713
39 647
13 155
0 2
30 901
205 214
3 5
2 346
325 883
2 734
103 535
0 256
0 226
110 122
4 523
23 658
541 765
2 4
2 462
23 931
495 615
2 43
417 629
2 298
164 391
5 808
0 288
8 29
2 5
0 2
2 15
150 503
2 7
111 788
533 912
0 2
4 111
22 344
238 507
2 176
3 37
194 224
2 671
224 754
10 32
15 662
0 114
5 121
28 57
124 424
45 387
2 56
2 5
2 7
2 5
45 191
2 309
3 5
2 200
30 392
50 593
18 68
2 46
65 274
22 558
8 506
8 34
2 16
7 366
3 22
85 718
6 154
0 59
2 61
0 774
28 456
8 314
22 448
11 283
89 937
7 874
8 128
162 552
2 269
76 737
94 838
0 27
2 46
5 172
0 508
7 197
395 405
2 16
0 785
222 257
7 281
2 206
0 226
164 391
2 252
2 43
505 646
4 805
42 185
45 387
27 772
58 193
0 2
0 648
0 2
27 156
36 76
184 211
140 179
18 68
0 197
2 335
121 201
250 631
8 261
8 343
0 316
0 12
6 220
2 180
3 949
2 5
27 156
2 15
0 153
174 944
49 397
159 213
2 720
2 61
2 89
28 456
239 372
240 407
2 35
2 15
69 543
2 699
105 696
91 147
199 417
2 370
93 926
0 27
194 224
60 477
124 167
465 622
31 290
2 739
246 522
99 554
0 2
2 252
9 210
2 99
2 130
0 27
152 630
44 64
198 889
31 123
27 684
3 320
7 568
50 593
17 360
456 783
33 558
156 881
34 577
8 21
444 546
130 685
44 64
10 21
128 701
97 373
4 962
0 494
93 200
0 333
2 474
166 978
0 496
33 260
2 795
8 261
85 368
8 85
69 323
40 947
131 755
33 260
36 521
8 100
11 245
26 229
2 607
4 258
57 727
0 518
6 154
3 22
0 199
31 545
66 250
25 699
157 427
2 483
239 604
8 203
11 84
492 729
2 7
0 227
157 161
2 58
2 107
2 471
6 81
72 177
3 37
3 320
490 660
2 16
39 162
28 456
5 669
0 226
0 2
198 488
25 174
0 338
2 170
0 124
19 42
31 290
5 233
38 542
2 66
2 79
115 473
716 996
27 988
57 783
0 20
2 16
233 852
2 63
373 959
3 320
0 363
11 857
5 300
0 863
8 29
18 68
2 15
589 670
2 43
8 39
364 985
5 172
0 596
0 36
13 768
0 807
7 48
71 146
249 578
47 487
81 476
122 528
5 121
2 404
2 45
52 127
16 867
25 893
2 95
58 170
14 166
418 789
3 37
219 291
291 643
62 84
98 841
131 423
10 32
225 686
11 997
13 56
719 790
54 796
0 40
28 989
2 269
15 417
466 555
2 54
0 99
373 910
237 427
3 661
62 236
2 43
1 3
223 504
27 316
84 115
2 117
0 30
11 283
33 312
2 977
596 814
2 5
413 946
2 5
5 511
3 22
248 816
143 882
247 363
99 975
73 273
4 570
193 817
8 681
28 57
335 351
2 25
2 14
626 698
2 679
28 57
34 261
375 667
0 520
224 609
0 141
5 408
2 341
341 825
133 443
64 501
8 577
72 177
7 483
377 695
0 2
5 172
0 4
2 170
123 255
25 407
3 382
8 506
0 2
105 690
2 736
198 382
2 431
8 82
22 394
28 57
13 102
295 601
227 570
515 588
837 937
266 764
0 7
34 644
12 704
0 418
2 685
0 184
4 17
0 571
0 231
334 343
7 181
2 16
20 956
0 299
4 357
225 686
21 136
8 91
2 56
275 404
3 22
20 40
0 778
4 788
428 812
85 368
3 735
0 17
280 594
84 815
220 915
495 790
2 16
5 172
36 737
14 590
38 378
4 17
4 258
21 175
34 67
121 986
16 362
4 80
642 675
0 733
2 4
2 8
2 8
228 489
11 245
4 17
2 958
174 293
84 440
301 735
725 845
2 258
44 80
2 264
0 10
78 122
191 206
31 186
6 220
2 176
239 928
114 425
2 142
2 5
59 83
7 281
8 29
2 92
73 966
89 241
2 334
303 366
871 933
66 299
143 232
0 2
107 431
0 2
0 4
170 556
45 51
246 302
6 81
0 103
2 54
219 291
36 76
213 653
20 30
2 58
668 672
0 2
13 56
2 43
118 128
2 455
208 234
27 787
2 92
2 340
5 843
33 354
495 615
329 504
0 333
2 54
33 260
32 591
324 742
2 58
5 266
20 30
4 17
0 48
0 36
31 851
231 482
2 14
8 85
7 48
648 936
2 15
592 843
2 16
89 241
51 306
2 206
8 196
45 51
0 7
51 430
0 2
34 702
64 575
2 8
31 721
466 555
57 173
4 80
6 9
4 413
2 264
0 10
2 8
0 43
121 201
121 592
23 281
0 256
492 729
73 273
383 655
642 660
173 654
70 285
505 646
346 614
7 228
2 5
2 8
0 2
28 57
8 314
2 5
2 4
2 502
8 572
269 533
288 985
31 33
0 333
8 196
94 664
140 179
779 873
2 8
422 914
8 34
2 43
13 134
167 289
138 652
202 639
0 482
36 480
5 452
406 439
2 341
487 645
16 441
228 350
0 55
2 365
21 403
276 381
0 490
249 432
2 264
9 915
8 34
2 180
59 682
1 836
21 175
15 375
117 408
56 345
138 171
64 680
43 769
69 657
112 168
117 408
14 61
72 177
18 68
6 476
0 303
309 792
0 760
44 126
94 706
93 200
645 711
8 441
206 877
0 875
49 69
6 847
180 800
91 732
13 155
324 338
132 368
0 287
2 16
1 942
20 639
111 605
54 761
102 352
395 892
8 39
2 226
74 148
28 218
3 899
0 95
2 45
66 294
3 382
0 402
8 135
379 506
29 641
5 37
214 279
539 579
97 910
75 111
2 5
2 43
33 979
50 593
5 117
2 472
2 86
25 174
2 61
56 272
319 489
4 80
200 794
2 4
2 483
0 86
349 980
2 335
7 298
533 912
4 111
2 16
2 56
346 594
33 150
0 512
198 573
2 304
0 4
92 112
2 8
5 172
112 168
158 952
0 950
78 122
32 395
318 380
174 921
16 734
223 279
13 264
2 25
0 52
50 688
5 300
31 33
2 163
4 80
2 971
5 108
228 319
4 126
228 319
39 60
0 10
2 56
2 79
14 590
4 258
36 76
5 172
21 136
847 904
621 948
2 278
386 982
62 236
2 146
31 315
2 602
0 20
14 49
221 393
170 510
2 340
644 740
93 525
275 404
280 409
0 553
10 187
61 434
2 834
101 332
2 606
2 531
36 76
194 224
31 853
2 618
7 874
62 856
2 15
62 491
75 111
2 309
131 345
3 37
2 130
112 453
0 550
9 154
21 100
105 731
0 19
0 363
224 374
27 617
36 76
28 613
205 214
227 570
62 236
8 34
85 368
41 110
25 238
8 63
5 513
2 7
36 76
13 974
263 939
3 22
10 32
0 2
315 354
161 679
29 834
2 86
2 89
0 59
84 815
58 193
6 547
2 163
14 49
8 846
16 441
2 369
101 487
324 338
2 339
22 949
0 2
8 221
2 685
0 27
124 167
2 361
7 48
227 570
62 236
647 967
8 641
7 181
2 89
2 5
205 579
58 193
0 142
180 811
47 538
227 570
22 458
23 156
131 345
82 692
2 920
5 121
0 4
27 316
23 27
31 33
27 256
2 170
245 440
4 80
447 563
2 968
4 872
7 366
0 202
3 836
247 786
295 508
8 383
5 50
0 649
198 382
52 127
234 748
8 135
2 25
599 635
108 301
7 380
31 33
276 381
125 831
66 217
4 126
612 999
0 59
2 840
373 738
0 43
3 22
5 986
61 720
56 272
0 12
103 535
371 529
15 667
6 578
0 868
429 501
0 202
2 5
2 58
7 228
228 350
0 229
2 193
21 403
39 91
33 290
212 620
11 245
538 638
0 30
0 52
8 261
0 263
264 971
156 931
70 560
0 2
0 995
228 636
2 511
411 447
2 114
2 830
62 236
251 798
2 621
0 306
2 470
27 505
6 81
44 855
2 511
0 494
31 150
4 523
0 43
173 544
5 367
0 268
224 898
8 34
31 94
514 981
5 414
15 417
2 5
460 687
27 459
7 23
31 446
2 159
477 796
41 119
85 368
195 914
56 423
86 531
0 499
4 788
410 569
0 43
5 716
0 20
5 351
85 384
0 87
0 350
2 43
0 27
60 219
0 36
4 265
25 832
0 571
41 110
505 646
162 552
89 169
11 473
191 206
2 5
31 838
0 142
0 202
54 438
876 973
2 554
7 181
161 679
27 518
43 714
4 247
31 33
1 123
44 64
60 219
20 202
34 67
319 489
6 249
39 60
0 350
0 202
2 16
24 104
10 32
2 252
84 806
44 64
16 671
0 917
0 887
263 520
0 437
157 161
8 804
286 920
0 197
331 381
8 128
35 932
41 377
110 695
20 657
4 44
2 55
11 84
2 335
0 936
106 322
44 355
2 89
20 392
2 5
121 201
348 398
8 29
8 39
4 746
2 264
291 991
267 666
97 959
8 128
8 444
1 31
31 150
2 541
6 432
2 43
3 5
8 611
10 32
210 308
7 228
340 399
0 27
79 399
75 111
300 524
576 745
2 25
724 751
95 802
90 135
94 976
34 261
2 15
18 68
0 856
33 463
20 849
2 14
116 759
2 46
2 43
0 930
8 34
5 121
16 144
43 262
2 4
2 50
79 176
31 545
2 71
34 67
574 654
27 923
51 588
16 158
10 32
447 829
2 43
2 146
0 888
105 807
0 303
31 150
8 934
43 965
330 339
18 68
380 784
347 962
138 171
2 264
448 963
32 187
56 457
557 744
5 408
8 34
4 258
51 451
0 59
10 21
4 124
110 695
4 80
150 545
37 722
0 731
2 483
89 169
669 998
20 30
274 708
31 33
2 43
2 8
235 938
39 60
48 625
2 998
6 81
2 874
0 733
0 571
162 647
28 456
2 789
3 581
2 146
31 33
40 665
8 506
159 464
31 94
8 641
2 782
33 853
303 366
2 4
5 37
133 773
5 808
49 69
56 131
2 478
112 168
145 884
2 145
171 697
0 27
0 59
237 427
8 700
216 564
420 666
79 694
206 442
25 293
2 471
119 909
95 550
0 55
4 522
44 64
0 95
7 48
71 146
25 449
2 5
89 169
0 2
202 639
57 173
0 2
317 485
0 4
33 260
676 728
2 95
2 370
4 541
31 33
84 115
466 555
157 161
10 32
2 46
24 130
2 116
79 297
67 405
27 927
5 50
118 128
2 5
2 435
317 922
89 278
41 119
0 744
2 5
2 618
4 17
32 591
2 370
20 634
2 56
66 294
10 32
2 5
0 43
332 420
2 163
11 848
64 243
28 57
89 519
3 756
211 626
0 251
2 16
0 2
28 57
62 693
0 27
57 698
144 549
2 370
2 8
312 851
7 281
349 581
124 289
49 397
8 203
112 453
2 46
0 12
2 79
8 34
10 32
5 300
2 884
8 384
2 474
378 638
0 242
2 87
131 423
604 928
2 5
214 279
31 94
28 173
31 33
2 274
37 137
183 192
3 823
8 441
2 830
0 105
48 793
0 55
162 224
2 15
2 107
2 240
0 27
2 180
54 911
0 2
2 369
420 580
363 786
11 84
238 607
125 217
2 990
847 904
249 842
15 421
194 224
2 50
0 2
45 387
466 555
2 387
96 145
3 198
0 27
219 291
7 48
336 496
3 22
328 569
31 307
0 73
2 887
52 127
144 549
76 628
102 286
0 256
2 340
219 291
0 52
20 809
10 21
0 256
238 507
2 43
2 43
205 214
257 729
0 2
231 953
207 371
2 92
5 37
66 659
0 390
0 2
2 43
160 653
6 81
8 39
385 565
62 236
13 728
8 85
0 353
2 55
6 582
8 82
524 691
2 149
154 663
31 851
358 624
2 8
3 22
0 99
0 182
114 242
0 421
610 774
5 50
150 545
4 707
85 846
31 896
2 50
60 900
84 972
349 475
203 740
37 198
25 293
5 408
2 16
34 261
457 974
2 14
221 393
5 37
106 284
0 263
8 34
6 81
1 31
33 458
526 848
34 261
528 870
185 940
58 337
2 58
56 180
2 139
2 370
8 175
2 89
115 857
2 264
33 416
8 29
4 868
22 359
114 530
0 66
8 270
34 261
206 595
2 169
10 591
152 878
605 762
253 686
102 352
137 322
55 466
2 166
0 27
118 771
85 924
219 291
0 59
0 2
151 254
433 925
2 511
20 479
277 715
2 640
619 812
93 525
443 844
0 86
19 42
284 325
228 918
20 40
330 567
603 906
2 145
121 825
20 956
2 4
12 336
313 422
4 357
31 545
2 894
3 320
31 260
34 67
1 756
97 738
84 500
0 2
36 674
186 313
49 69
2 117
18 68
2 792
2 455
33 461
0 251
396 953
206 442
0 151
154 828
148 603
0 209
5 108
2 25
2 121
0 760
0 86
2 5
84 401
2 7
0 2
273 486
2 8
154 842
92 168
0 534
2 8
5 370
114 712
117 408
2 341
57 173
31 33
4 88
0 229
31 33
0 66
4 398
60 438
112 148
514 777
7 833
8 409
2 152
57 173
93 200
2 43
0 20
0 791
5 37
41 110
0 55
580 993
27 454
31 33
15 310
28 456
58 907
33 94
39 91
93 200
14 757
0 2
385 662
4 868
39 196
20 902
274 321
0 798
0 7
400 886
27 156
2 264
8 34
31 416
131 423
326 730
2 35
6 220
82 692
2 276
31 964
276 381
0 758
33 260
0 104
93 200
509 707
7 366
2 25
0 167
417 818
5 37
93 691
5 172
0 600
2 511
10 497
194 393
8 34
0 209
684 767
202 639
0 268
0 287
2 264
214 279
4 509
3 301
0 787
4 468
672 861
78 528
81 218
449 687
75 111
151 437
124 424
20 69
7 630
114 610
0 2
0 780
57 411
241 837
2 275
6 133
34 743
31 260
25 606
